Id,Prediction
984121344,0
601849857,0
351429761,0
2792643764,0
215056389,0
248807431,1
61931528,0
2513463980,1
102137866,1
298385420,1
265519119,1
391413781,0
2962522134,0
1683980311,0
103055384,1
314966047,1
304021536,1
549781537,1
26017826,1
23068708,1
2954690598,0
262111271,1
33423401,1
14188586,0
526024747,0
358842416,1
635171054,0
1245380660,0
19464245,1
32823,1
2886074424,0
118489145,1
2735898682,0
2352595372,1
529842945,0
17563658,0
381157439,1
333709376,1
2797862977,0
595787842,1
584187972,0
294420549,0
39518278,1
627933255,0
285303238,0
221577294,0
344219912,0
2989113358,0
508133463,0
2989391961,0
20054106,1
557908060,1
29873509,0
21692512,1
535068770,0
470870715,0
332267622,1
558071911,0
1123013988,0
2887975018,0
714200423,0
85852268,1
92203768,0
384663662,1
78512239,1
2972614768,0
1102681448,0
2769092723,0
2371354741,0
92635254,1
2718400631,0
150274168,0
1430568980,0
76021883,1
170360957,1
772767870,0
1591343383,0
2828763265,1
280100994,1
409763972,1
107217029,0
1307934854,0
282689671,1
543959648,0
263028876,1
209125517,0
200147086,0
14778512,1
125599889,1
18645138,0
273744020,1
24384878,1
1638465686,0
2344419479,0
20709528,1
14385307,1
26280094,1
322804369,0
2186248352,1
1051948171,0
2199486627,1
1350008996,0
421407430,0
1688273064,1
298188969,1
248873132,0
346259629,0
375947443,0
283803829,0
717291702,1
2988649161,0
2366210234,0
84443323,0
1527906492,0
78293706,0
288489663,1
2266759362,1
170754243,1
770577782,0
1676640289,1
83099849,0
25788618,1
2905735202,0
218366158,0
347865297,0
1498529827,0
390889684,0
14614742,0
267518167,1
265715929,0
359629018,1
2608278223,0
23232732,1
1619394781,1
184908108,0
414546608,0
285289168,1
1081278690,0
2315780323,0
138543333,1
627572968,1
14709212,1
33194218,1
160956651,0
234815724,1
2724440786,0
2878144750,0
2183135473,0
339280116,0
2849243381,0
1915977974,1
1374388472,0
383527636,0
62816508,1
71352362,1
1560150270,1
133136639,0
2306834688,1
54165761,1
56099074,1
1726237616,0
1365999876,0
2325523158,0
2986213641,0
368935178,0
547149366,0
74875149,1
864190735,0
2246541584,1
187433237,0
424946393,1
1645838616,1
32080153,0
949518618,0
1531587290,0
139231519,1
22413603,1
369295652,1
1959395622,1
2368300015,0
2985492777,0
17400106,1
2989814891,0
253985070,1
369328434,0
710902068,1
2665051388,0
369197366,1
625606970,0
44794171,1
1693516094,1
146145599,1
712409408,0
132186433,1
26181955,1
2990965060,1
256311622,1
80130421,0
2993160520,1
281264183,1
398229837,0
35258703,0
63930704,1
49348945,1
240419154,1
32863535,0
364642644,1
428474709,0
1894056278,1
2911895609,0
72188248,0
1795173092,0
262275418,0
136872284,1
292388922,0
111083872,0
250193955,0
259916130,1
124879204,1
307757413,0
383636881,0
1854472555,1
1487307116,0
920060269,0
566147035,0
110559599,1
20840816,1
1245092215,0
435421559,0
2453307768,1
375193977,1
2974843258,0
184779135,0
305922432,0
23691649,1
2403560171,0
504660357,0
1911128454,0
885916040,0
19464587,1
1242268044,1
1970700686,0
256049551,0
38859575,0
1234741998,0
2732753302,0
411063705,0
190120345,1
558203290,0
604832156,0
26018207,1
1614884588,0
1117946274,0
476250533,0
117375398,1
423930609,0
376242600,1
1379631529,0
178717098,1
861209004,0
247628206,0
2486993327,0
164397490,1
742949300,0
1713076411,1
17826232,1
2403402169,0
2896822714,0
739279292,1
1715012029,0
24117694,1
79987137,1
25330115,1
173801925,1
2583757254,0
1700004295,0
19136969,1
281668343,0
289571277,1
2987885007,0
1062087416,0
51675603,1
114426325,0
1090224602,0
198935003,1
596929274,0
38568414,0
43308453,1
937525728,1
20889680,1
606765538,0
497418723,1
301651366,0
271778278,0
18186728,1
211517029,0
1468170732,1
29131245,1
1494614510,0
48552876,0
30474737,1
2156134901,1
68157942,0
702524114,0
207946233,1
18448890,1
2722234875,0
2988275765,0
567542270,1
19071487,1
83165698,1
1236992515,0
139985412,1
1470069744,0
268009990,0
2847572487,1
1628733960,0
2988692908,0
276431373,1
19137039,1
456336656,0
2819621394,0
609583635,0
42762772,0
15685038,1
395755609,1
2161476120,0
105251354,1
453476892,0
2414117406,1
355009056,0
1318213040,0
128320034,0
33669211,0
446726692,0
2573789958,0
169345576,1
233833001,1
579371562,0
307200555,0
2148991532,0
55706157,0
834110000,1
44237362,1
322568758,0
612106811,0
78479932,0
2671684362,0
583959102,1
2262172225,1
509575747,0
2562785860,0
1198921142,0
1478722118,0
2747466311,1
117752686,0
18612811,0
2705457740,1
354943567,1
2383282770,0
1262338147,0
2597651028,1
1585807957,1
17498710,0
31511993,0
214246683,0
1364755034,1
34832987,1
547226205,0
27165278,0
23986784,0
745597712,1
90309218,0
5243491,1
34701925,1
419856999,0
72516201,1
2279719015,0
54362733,0
48513128,0
15411987,1
2901705509,0
2556119519,1
146810481,0
103547512,1
2983250024,0
2280915578,1
2441470153,0
78381692,1
391086718,0
2239882746,0
2756149890,0
239993475,0
604930692,0
2896003718,0
145195116,1
18934551,1
473006732,0
1242268303,1
981705024,0
1638531732,1
2769552022,0
84278947,0
456786587,1
1625817756,0
64596762,0
383550110,1
599659973,0
38208161,0
25330342,1
2364867240,0
2594990065,0
105611947,0
2584183468,0
382501549,1
971244210,1
1594065588,1
351503029,1
200835768,1
122094265,0
9929402,1
2678302080,0
1270612669,1
1273168574,1
2165179071,0
871269056,1
941643211,0
1195377354,0
68190923,1
2923299532,1
468806434,0
582255311,1
256137850,0
19939448,0
2393211602,1
956760787,0
824677838,0
168198870,1
362382040,0
1086784220,0
487785181,1
1417590031,0
2951228197,0
1571521248,0
30278370,1
151060603,1
518128357,1
391578343,1
257032936,0
2907750524,0
47382653,1
2988485416,0
21791474,1
2917761779,0
2935321142,0
1735754485,1
42173174,1
385264425,0
304087802,1
229671675,1
588743420,1
446626998,0
2441904896,0
2764243713,1
1558086402,1
1713797533,0
20480772,1
315883649,0
26280712,1
25420083,1
1398506250,0
1609368331,0
337216268,0
775488270,0
315556623,0
722993936,0
37290769,0
350356242,1
2709291795,0
918160148,1
89673460,1
2985755414,0
508986135,0
10322712,1
35980057,0
700384026,0
1285685138,0
30557777,0
2149739312,0
25789218,1
214958883,1
342786852,0
1373716614,0
2931393318,0
344163111,1
2161214251,0
450528044,0
631931693,0
2841248558,0
2620457775,0
488145712,0
211157811,1
980489694,0
92930871,1
179667768,0
1898611514,1
2925614559,0
31556412,0
520996088,0
57836350,1
998139631,0
303629120,0
2317484866,0
17728324,0
66159429,1
152601415,1
18187080,1
405962892,0
2311564087,0
1875673932,1
2471985997,0
2260042574,0
872661133,0
180945744,1
2820400083,0
940409683,1
1114178389,1
227372693,0
12845912,1
554784228,0
66290522,0
629474141,1
2535654240,0
61670242,0
15598436,1
44826769,1
199665472,0
1412601319,0
26182508,1
249854631,0
576684910,1
1155826543,0
247595890,0
842466164,0
2185407294,1
418338281,0
1435927417,0
2255487866,0
1340441467,0
383026046,1
590873471,0
531563392,0
1584628610,1
235176836,1
813889,1
234783625,1
2432271242,1
2302083979,0
2201245165,0
102498456,1
2976383890,0
1571357587,0
162825111,0
2983357252,0
90801050,1
98145775,1
194788273,0
25330590,1
166069154,1
1250373991,0
2158789540,0
537068453,1
2793374631,0
349504424,1
52888489,0
2362125127,1
19694509,0
2208203694,0
789087151,1
267453360,0
82281059,0
803767220,0
386204597,1
2426405815,1
107054008,1
123710177,0
1873878900,0
17171389,1
93881100,0
37094337,1
2196014018,1
41944003,1
204702660,1
118318404,0
167969735,0
69993418,0
246416331,0
89097165,0
1042763623,0
23659471,0
1543865299,0
44649195,0
2987656151,0
178586586,0
576947164,0
602014685,1
485540005,1
404432850,0
2316380796,0
358258171,0
16614373,0
218432486,1
188417000,0
1276216297,0
1310229482,1
330350759,0
2465530861,1
1121715182,1
165512178,0
1066370035,0
2891943181,0
305824757,1
959742968,1
475087019,0
455771142,1
236979207,1
1084490761,1
383878155,0
599294989,1
88835086,0
1077904399,0
30147600,1
326337553,0
304546834,1
2302602073,1
2506097688,0
2920554795,0
176981018,1
2990031023,0
323290140,1
2493547549,0
76547103,0
394986531,1
55739429,1
704414761,0
25330730,1
1271170093,0
2797693789,0
478381105,1
1691223091,0
39879732,1
438076469,0
558302262,0
493585463,0
257688632,1
439845945,0
774466399,0
1390445628,0
2988344381,0
2694153278,0
2976875583,0
65078337,0
19203138,0
458785860,0
18351173,0
1535149128,0
360875084,0
1070443362,1
269747278,1
656463,1
976371896,0
2985755730,0
739896163,0
2408940628,0
858915925,1
1099169556,0
102270039,1
233760738,0
414942299,1
889685084,0
30966877,0
1424131166,1
112493665,1
21693539,0
161416293,1
428475494,1
1481180264,0
63931498,0
30245995,0
797049966,0
270435439,1
705102961,1
423887986,1
304186483,1
155669383,0
21791861,0
506561656,0
21890170,0
33358971,0
1387955324,1
952337533,0
2520646783,1
2858419329,1
45384835,0
2354436145,0
334431366,1
894665863,1
378471561,1
14222474,1
338166923,0
1171880269,0
1889922433,0
28181649,0
1553433746,0
1284505795,0
567739540,0
7079062,1
14156952,1
20157576,0
1528595611,0
1410204828,1
2465596573,0
2465793182,0
2754998478,0
464214782,0
2314568866,1
238622235,1
937996968,0
408257701,0
1060504742,1
102073514,0
2712667307,0
750421164,0
14353581,1
586913309,0
65569968,0
106661042,1
17335475,1
2734228660,0
438764726,0
29852855,1
1691321528,0
209585337,0
261653690,1
10814652,1
155387069,1
96922485,1
230327491,1
2431648964,0
1706919109,0
259228871,1
363496648,0
562267339,0
19236044,1
24249549,0
115475662,1
700580045,0
21202128,0
129893585,1
447473687,0
25330900,1
989693143,0
368411864,1
191923419,1
17499356,0
2328003805,0
364053726,1
2987230431,0
19891425,0
17335522,1
19956963,0
580256997,0
16581863,1
94373098,1
60065004,0
185664749,0
189695214,1
2163541231,1
206734577,1
1062175987,0
28116213,1
17700393,0
14583032,1
2953250041,1
1656587514,1
190055675,0
1120011516,1
256181504,0
34095675,0
2988180739,0
2915360360,0
2695890183,0
33359112,1
65897738,1
1206040297,0
2920908044,0
471565581,0
144311568,1
549618961,0
2575140116,1
216433942,1
424445208,1
269387035,1
83820762,1
2985002271,0
534381856,1
961611043,1
202795910,0
1115686183,0
382502184,1
19102458,1
2991490346,0
2973926701,0
181929262,0
1705542960,1
1328350513,1
2897872178,0
566105651,0
140477748,0
304612662,0
238644105,1
37979451,1
1230842762,0
431785278,0
327124288,1
1705281,1
437812713,0
623401936,0
301176374,0
2454357318,0
117212489,1
2218788170,1
2988737867,0
467723862,1
2388362577,0
43124051,1
1325312910,0
26019158,1
2362180952,0
375063899,1
77104476,0
404489565,0
2336458080,0
2388028304,0
377718116,0
2204456425,0
90309990,1
1034517926,0
312739177,1
583402858,1
1309176097,1
1164721838,0
254838129,0
165021042,1
430900595,0
21288510,0
2987163881,0
1095566714,1
365921659,1
236520828,0
488867199,1
2988340985,0
15893889,0
387843461,0
1121224070,0
205784456,0
919634156,0
246318475,1
797148560,0
2415339727,0
2291729810,0
267093395,0
24413588,1
331055342,0
393741718,0
2986640794,0
204563745,1
503540447,0
1023509917,0
97781150,1
192415135,0
737117600,0
2438217968,0
22447523,1
600606116,0
1611814470,1
110101926,0
259539185,1
1041106346,0
116065708,1
29492654,0
601484189,0
86214064,1
939856939,0
2898134450,0
250119603,1
499025333,0
19269046,0
898804639,1
1018758588,0
133989821,1
893866898,0
33981887,0
14353856,1
2908613536,0
2964260290,0
28186187,0
511772101,0
117343688,0
48256588,0
288776352,0
2185070028,0
32179661,1
965051857,1
72582613,1
525501912,0
2654514084,0
342285724,0
2796848603,0
1852849248,0
437267365,1
63079904,1
30292003,0
2283046370,1
977247786,0
50759140,0
720340453,1
292750822,1
429942616,0
2485519851,1
291440110,0
2525610237,1
797148656,0
547128817,1
567641586,1
266733044,1
1581285630,0
278922742,0
1184239526,0
605652472,1
393643514,0
2827912701,0
225609214,0
30157795,0
298681856,1
47187457,1
29033986,1
956761603,1
83232260,0
899024389,1
26019334,1
16909832,1
565184012,0
551454227,0
44031875,1
78517849,0
15402520,1
2891417113,0
855541274,1
477136412,1
1360365085,0
360284421,0
324011552,0
274695713,1
2324137509,0
69666342,0
34343,1
489031208,1
861738588,1
848070186,1
242910763,1
940443180,0
1943045677,0
481429038,0
298168803,1
2575566385,0
2871699949,0
1592002099,1
407897652,1
884639286,1
338772233,1
411970484,0
34637373,1
14976574,1
14251303,1
195528258,0
21923395,0
36826038,0
2723386977,0
1380779592,0
20842058,1
2989000267,0
1906935372,1
62717119,0
178947662,0
277022288,1
287311442,0
331273827,1
420513364,0
2395637334,0
2989557335,0
29853272,1
32671321,0
1034192474,1
2224031323,0
1384547934,0
25331295,1
2382300768,0
1173545544,0
312373136,0
1408665188,1
2968323685,0
320341606,1
1355515496,1
23037545,1
437814890,1
18843243,1
28182125,0
1567164014,0
32307325,0
29099632,0
1686701682,1
35975198,0
2808514166,1
16418423,1
2179335800,0
1008502393,1
288495981,0
396297852,0
491738554,0
2762770050,0
2989113622,0
16364882,0
918252481,0
59624426,0
259622537,1
271593242,0
1651703659,0
1377044108,1
68530390,0
24249998,0
24298665,0
2240054929,0
635373205,1
792658201,0
2405205657,0
2348648090,1
23037595,0
237045404,1
1268056346,0
1723120189,0
116262559,1
2263221920,0
2965145249,0
29099682,1
138741411,0
954411974,0
16123558,0
714593905,0
233703081,1
2308376234,0
747142645,1
1016500106,1
1152517808,0
2827421362,0
322832051,1
853903028,1
86640309,0
2711193270,1
615941815,1
1463551674,1
2363655868,0
41322173,0
348279264,0
2890303167,0
64799008,1
14354116,1
1915852406,0
50890438,1
469796551,1
129861320,1
73533129,0
142509771,1
34670285,1
2214912271,0
314414712,1
324174115,0
23398101,0
1586661079,0
155156772,1
2161673947,1
121636572,1
605872945,0
72124126,0
128762149,1
346654432,1
2188897232,0
463144674,0
2987755235,0
1191151333,1
2389837542,1
300739537,1
1188886657,1
2949416683,0
583042796,1
372508398,0
49678064,1
91686641,1
37881587,1
2298971893,1
236619511,1
1421444856,1
204527231,0
1447233276,1
136839466,0
347357483,0
449218309,1
423125663,0
267884161,1
32671497,1
2841052939,0
2480080653,0
1107691278,0
96241423,1
57715672,0
54718853,0
2988430979,0
187303700,0
2428748078,0
776832792,1
14485277,1
181634846,0
46929565,0
69764897,0
197166882,0
2355768283,0
298813221,0
2989179185,0
290588458,1
348063532,0
271157037,1
2204206895,1
578783024,0
544868145,1
491849522,1
1941505843,0
2988672820,0
613451573,1
2716010295,1
2740913976,0
2889613620,0
296748858,1
278791998,0
49481536,1
342034243,1
72877892,0
315819845,1
2300741448,0
25331530,1
36407115,0
2366893026,0
607619848,0
1220052816,1
1425573715,1
41715540,1
1955320262,0
1628292379,0
429725327,0
155042106,0
188876638,1
58525541,1
177112935,1
15009640,1
2780414268,0
188188522,0
2921400171,0
26773362,1
822445940,1
54624574,0
1140721526,1
229377912,0
933222036,0
476447039,0
19564412,1
2363852669,0
2537949054,0
979255616,0
22448002,1
370247555,1
379422596,0
2855602057,1
420808586,1
833259404,1
602123245,0
840632208,1
29984657,0
2876213138,1
429492115,1
2443085716,1
79857557,1
354584470,1
70489753,0
2894235544,1
26019737,1
28180681,0
2516602105,0
40634268,1
2921400222,0
533366689,0
870778788,0
2377680805,0
2204115462,0
588941226,0
803440556,1
372639661,0
2446460846,1
26281903,0
1260062640,1
2366210376,0
5375922,1
2839258067,0
1347625358,0
25714728,0
1852868538,0
50476834,1
229556554,0
37972981,1
98895808,1
45975489,0
398559171,1
603097031,0
30279626,0
2838398923,0
31197133,1
22317007,0
98847722,0
1658816468,0
1635893582,0
2988541911,0
16746457,1
2809759707,1
18221023,1
133269472,0
359696356,1
15665127,1
40077289,0
1979484139,0
31524844,1
2331672914,0
472418286,1
2720114349,0
481560561,1
541016403,0
1543662590,1
84346871,0
272828408,1
82315259,0
363755318,0
32671744,0
2176132698,0
115607554,1
18618027,0
23398404,0
220430678,0
298551303,1
29034504,1
2722367500,1
61156354,0
21170191,1
457786964,0
2294777873,0
1092093972,1
542851417,0
738920474,1
567431352,0
451971101,0
442087785,0
144640032,1
1147045921,1
1977485346,1
2206936070,0
265553958,1
221448231,1
2768242728,0
25331753,1
166463530,1
37488683,1
219056172,0
2332788782,0
26019888,1
81397810,0
2976811059,0
2364508212,1
1070139445,1
763299894,0
270698551,1
2314897464,0
79857721,1
2330724411,0
2988378172,0
545516554,0
61605954,1
378570820,1
270141511,1
238323784,1
385690636,0
97781834,0
1027927525,0
294306146,1
1066675213,0
1703250000,0
299960403,0
327714900,0
352520278,1
357466468,0
2768635994,0
382419339,1
703432798,0
221743199,1
2164283067,1
289179748,0
65996903,0
27592809,0
220530794,1
1239189612,1
397019245,0
2288574476,0
2878133949,1
16877681,1
2751170676,1
2271086710,1
268109943,1
822160404,0
1721239674,0
275044031,0
808224894,1
518162560,0
238192769,0
635472002,0
2495449219,0
327977092,1
15430445,0
757762182,0
290097288,1
76130400,0
27003018,0
1580346391,0
19826829,1
764971152,0
1016236177,1
623020178,0
1022789779,1
2977564823,0
416552644,0
962300058,1
2605662575,0
24905884,1
342395039,1
7799152,1
80775331,0
288118470,1
324765863,0
1164373020,0
2840955050,0
15304877,1
2842200238,0
126686920,1
1384213140,0
12552372,0
2465597623,1
1152886662,0
90704057,0
42731707,0
2375682236,0
2987296959,0
834078912,1
2718758389,0
1336051908,0
398428358,0
361600716,1
2250475724,0
1260935083,0
74418383,1
1862273234,0
111053011,1
1449330900,1
94177494,0
171016569,0
2933262553,0
2324170970,1
200575195,0
295700700,1
2340208937,1
373459167,1
2275870944,1
167172114,0
80677091,1
19826916,0
423847797,0
95193321,1
2250279147,1
2414971123,0
430214529,0
1388251381,0
84510967,1
90916746,0
608667897,0
1677396218,0
2988902651,0
340330752,1
2171275521,0
426322057,0
429426948,1
1120130774,1
2779187462,0
1377143047,1
23003281,1
109086985,0
251332874,0
1027705099,1
291750274,0
81955086,1
1672120591,0
363923728,1
41866968,1
26054081,1
347292035,0
79005972,1
1058900245,1
427428118,0
2375125271,0
2678098200,0
2194588036,0
52506977,0
721029404,1
1481184986,0
2758838560,0
81463588,1
393087269,0
276138278,1
497846567,1
182913320,1
2745895209,1
106917801,0
208963885,1
365627694,0
16091439,0
18188593,0
634751283,0
90179893,1
43475065,0
406915384,0
433777716,0
2468088122,0
1883081024,0
45646219,1
19040580,1
143231302,1
328665415,0
119605576,1
216303947,1
1156811084,1
65046862,1
20220239,0
800885072,0
15698258,0
144083283,0
1717373269,0
18385238,0
1465289047,1
284756312,0
80611674,0
2908653915,1
1003456860,0
1078135134,1
1339820383,1
426281313,0
1242401125,0
235473254,0
232079761,0
2314799466,1
1696467307,0
987695468,1
170839863,0
219777396,1
2505542005,0
2922426261,0
2991019753,0
621250936,1
1925548410,1
534326335,0
24775038,0
358517121,0
259426691,1
53184901,1
140282246,1
164137352,1
225151371,0
48630156,1
615875264,0
369920399,0
1408862610,1
2726693267,0
1869321966,0
262179223,0
27199896,1
471665051,1
593398172,1
74353053,1
18123166,0
608414789,0
74353056,0
62687649,0
931236259,0
365755205,0
1259220038,1
26020262,1
340036007,0
1970309544,0
329051065,0
580186676,0
959056304,0
119179698,1
2980972979,0
189401524,1
32442805,1
347352137,0
33917368,1
1393461691,0
2882210236,0
213432763,0
81037759,1
528353728,1
127928769,1
197855682,1
634456517,1
471566792,0
463342025,1
1247691,1
527436237,1
979667408,0
919590648,1
370379218,1
252381651,0
114854357,1
19401174,1
1015417304,1
413241594,0
191990234,1
28552271,0
118524382,1
18909664,1
2985200099,0
626067941,1
87329254,1
114035175,0
198052328,1
201578236,0
1606486506,1
290308519,0
579308012,0
2461953106,0
256969198,1
94931440,1
2582479272,0
2299496947,1
2743863796,0
2900481325,0
2539116503,0
1949338104,1
47417849,1
307104250,1
169216507,1
432179708,1
460751274,1
2441054720,0
938707458,1
324150825,0
64358919,1
1226836489,1
322963979,1
1332844290,0
1015679504,1
309561873,0
2370734611,1
433523220,0
132975127,0
888113688,1
38013466,0
118327835,0
1970866716,0
1494354462,0
819071520,1
2963933729,0
767192155,0
983242502,0
2326039079,0
2466712104,1
851479081,1
392858154,0
50367020,0
1537083949,1
3550301,1
432114224,0
480696072,0
194578994,1
441172403,0
108399156,1
7408182,1
567675447,0
462260794,1
82741819,0
192940604,1
317131325,1
495520318,0
2991000127,0
597396033,1
712641090,0
41552452,0
103437036,0
215386694,1
400099911,1
26353061,0
98732619,1
1617594956,1
207358541,1
461215501,1
18451024,1
26263992,0
613485138,1
33533027,0
1315745833,0
242584151,0
2799340120,0
318704218,1
208308827,0
2900691548,0
2473165242,0
1046612576,0
429263457,0
422840930,0
415710826,0
324766310,1
36866664,0
256150122,1
19999847,0
516065903,1
204147314,0
14079763,1
2147584628,0
2626128501,1
267094646,1
214174332,1
377129597,0
1924827775,0
341576320,1
2757200514,0
875367044,1
553159303,0
270371465,0
1022855820,0
2654276238,0
1930168975,1
1665010320,1
493456021,0
38636183,1
2311981722,0
2966187119,0
498600605,1
250776222,0
1704495775,0
2790296226,0
348523173,0
552733350,0
617941671,0
38701739,1
2987166383,0
57477810,1
20449974,0
1520732856,1
2187176869,0
2860772926,0
452621577,0
342362815,1
902990528,0
16878273,0
2163968706,0
228330179,0
30673605,1
235624225,1
930581196,0
2169506509,0
2305360333,1
251988688,0
95445604,1
1163234006,1
290327256,0
70194980,1
1027640029,1
204311264,0
24658384,0
440301746,0
259623651,1
331090660,0
383318452,0
19663597,1
100698862,0
22874863,0
177277681,1
338657747,0
229435287,0
2279607032,0
704103056,0
711887611,0
873418074,0
537004797,1
20384511,1
2324889489,0
176294658,1
631789355,1
1531284229,1
251890439,0
2672528136,0
210897673,1
559057675,1
2612792076,0
463538959,0
79399697,1
29657874,0
292719382,0
819991982,0
2199063320,1
43387673,1
165219098,0
312871710,1
306023199,0
48597937,0
1115652571,0
31361831,0
20581164,1
388303661,0
710093960,0
2427783987,0
2813528887,0
2987952952,0
2280098617,0
345377594,1
72913439,0
2528643902,0
41417211,0
67275584,1
20941633,1
596216642,0
14584644,1
136186693,1
1361742662,0
1277168455,1
2184930237,0
345380663,1
2863827791,0
313232208,1
1175718738,1
1286695878,0
2375715668,0
349473622,1
40307547,1
87886684,0
361073505,0
2949640723,0
94636899,1
2988510052,0
221547365,1
153520998,0
389811047,0
34175082,0
279972714,1
14748524,1
464948078,0
538690488,0
383418856,0
284691318,0
52136823,1
1935870842,0
2535689083,1
2543618940,0
2225965949,0
1686473598,0
168692607,0
444959617,1
2238122883,0
372607876,0
6679702,0
65014662,1
3443591,1
312675210,0
25365387,1
18410736,0
2764177901,0
152603536,1
2309549208,0
18877330,1
127372181,1
106097817,1
26053528,1
42994585,1
19991450,1
194841502,1
336399266,0
15240100,1
449448870,0
1027141940,0
617614249,0
2964374002,0
129108913,1
2823982002,0
710151096,1
410169950,0
92605372,1
1273465789,0
1428982718,1
46042049,1
1247841218,0
146934723,0
380603334,1
511183815,1
1656294344,0
545721289,0
416222154,0
2672233420,0
1307478991,1
842009552,1
17711608,0
403174979,0
52464602,1
40799195,0
213912540,0
26545118,1
16793684,0
164301795,1
1675987940,0
128355302,0
15731687,0
2226981867,1
1526856602,0
2945747951,0
451914920,0
290360306,1
388631539,1
181797374,0
28896425,1
2560429049,0
64195578,0
614692593,1
97815548,1
548777130,0
9394732,1
2424474625,0
734923778,0
1478903520,0
432311300,1
2991112843,0
15633416,1
2987980234,0
1653804043,0
2581171213,1
21761038,1
249367567,0
622234641,1
56364051,1
175016981,1
2987756566,0
89951255,1
859376665,1
14617634,1
287496027,0
315132964,0
18139940,0
89885422,0
2988903465,0
245765150,1
40078379,1
223939629,1
10259502,1
319392815,1
298549768,0
857181234,1
17140787,1
1382517812,0
153095222,1
2272955447,0
303336504,0
870796099,0
162073660,0
1081871424,1
14243680,1
2986478659,0
373132356,0
1165462597,1
153488456,0
1727499337,0
1070599242,1
307334219,0
2877000780,0
589565005,0
2955414606,1
16826893,0
2899872848,0
129862738,1
1909787731,1
2987592790,1
2471812347,1
266463163,0
60394591,1
2164460641,0
2164034658,0
834470198,0
2382728292,1
2978655980,0
264047718,0
21007463,0
224332907,1
259886189,1
31624302,1
97553519,1
1072270448,1
126785384,0
44108914,1
269069502,0
774999158,0
1650808681,0
431721592,1
114560121,1
1115622523,0
111316094,0
2167311488,1
344992960,0
19795074,1
127044741,1
349408390,1
216546872,0
157381435,1
2745795095,0
1904446604,1
446303373,0
2502750713,0
2984512657,1
1325265768,0
76418196,1
2453310613,0
28413078,1
2878966935,0
202443928,0
2987936514,0
734320495,0
133401757,1
987892896,1
2520452257,1
2164067490,1
26119331,1
914295972,0
703335590,0
300816241,0
2909179050,0
221916359,0
2991426732,0
476482733,0
2736950447,0
1141083314,0
2434043059,1
917537310,0
26971321,0
60394684,0
1401187885,0
26053822,1
1592621449,0
25365696,1
391220418,1
410954955,0
373165252,1
2535918789,1
608931014,1
351472842,0
2699136204,0
14746146,0
36408526,0
586026191,0
838405328,0
1118309586,1
174689493,0
838569176,1
61836505,1
240684252,0
95262586,1
2984493605,0
1154886864,0
2256932070,1
580029672,1
583096188,1
983108844,1
2695400688,0
2350746866,1
211324147,1
1589729150,0
307924216,0
579397498,0
460885242,0
507746175,0
1275986474,0
252841215,0
2448198912,1
2923583848,0
915770629,1
322637063,0
43355400,1
60883500,0
598284162,1
67341582,1
362045815,0
2838203665,0
838634772,0
2329395758,0
133016793,0
1650134300,0
18877725,1
1370590494,1
2514652447,0
2364607776,0
440798497,1
625282338,0
2317323557,0
959548711,1
39702714,0
840371497,0
198217002,1
540937516,1
1701020210,0
14847279,1
854527280,0
2306280754,0
25136877,0
134778164,1
2520354103,1
461212984,1
2207892020,0
1117818174,0
2848730336,0
549195074,1
2884491147,0
1955892548,0
495684934,0
706547015,0
26676553,1
47549770,0
2920628791,0
1252003148,0
579538254,1
385879377,1
469699922,0
351112531,1
1140854102,0
2838842325,0
2205453659,0
1341820254,0
30051681,1
19828067,1
619810149,0
270742219,0
357928295,1
9178472,1
229936489,0
117874896,0
239570288,0
339119473,1
2837908851,0
70681150,1
27561335,1
2564590968,0
2607123833,0
1543638396,0
305170647,0
67669375,1
342166912,1
278269313,1
2508819842,0
431189227,0
2450001284,1
108989831,1
346197384,0
321064330,0
122260878,1
25464207,1
450235793,0
348851602,1
540741011,0
2286161300,0
455077102,0
2240449944,0
293126724,1
1120472474,1
256797935,0
1383665052,0
54791581,0
559465029,1
2459078048,0
1424395681,1
34835874,1
2970357119,0
298402374,1
262025183,0
2344547311,0
14585256,1
177966505,0
513766349,0
502336943,0
785157552,1
30608817,0
123342258,0
15338931,1
390991284,1
814943671,1
569306356,0
2707197370,0
848203196,0
1448709566,1
2835942847,0
24317377,1
2559410763,0
2220559812,1
2477395398,1
23825863,1
217779656,1
1318751690,1
2940276171,0
16747981,1
872680910,0
369869389,0
461671888,0
606637521,0
381243847,0
174886357,0
83111161,0
58363352,1
424742361,1
275353050,1
2436792911,0
1610408155,0
848072160,1
126534224,0
399969763,0
261000676,0
80809445,0
2760412646,0
238710012,1
2922089963,1
905019986,0
385945070,0
418057716,1
353561854,1
94115753,0
2991099384,0
608158292,1
2665287162,0
66260475,0
436178428,0
52366845,1
347540990,1
33983999,1
69897728,1
356879873,0
836261803,0
1478528516,1
24740438,0
606637574,0
915210564,0
807524268,1
955813387,0
312937997,1
118623758,1
22534061,1
115838481,0
2475298322,0
2348854531,0
238947864,0
782831130,0
77041180,1
931299930,1
2989589589,0
117542431,1
732532256,1
37359138,0
748064294,1
2240168540,1
448532010,0
2953293063,0
2229014060,1
213964722,0
284528175,1
16059952,1
1096551985,0
1178275382,0
613584439,0
185404984,0
58709940,0
1376194106,0
214208061,0
225349185,0
84676162,1
108760644,0
20155974,1
1680769633,0
885034568,1
1708887625,0
2322894410,1
254859191,0
1161498188,1
2846035533,0
2990959885,0
174460496,1
240775731,0
21856867,1
243502677,0
216206936,0
24972889,0
615747167,1
361729632,1
2188961989,1
127635043,0
2988227861,0
180096616,1
139169385,1
2294845034,0
89394795,1
536776300,0
1881227880,1
64917108,0
22580853,0
173933161,0
148934264,1
331484793,0
52170363,1
2576911997,0
64367893,0
147492480,1
2431094401,0
1282182787,1
242702368,0
1609563709,0
142020234,0
1633586827,0
316214925,1
261361294,0
165547663,0
363460726,0
2816052888,0
2926382745,0
1046449818,1
132710039,0
204181150,0
71110303,0
2311327392,1
97095329,1
220892835,0
137743294,1
138055337,0
63147690,1
286494380,0
2229210800,1
2763525809,0
815690778,0
467731059,0
2701877143,0
463507125,0
19730102,1
282431162,0
97523658,0
35921343,0
288001727,0
276664000,0
636087584,0
602541763,1
27266756,1
1444954742,0
358649542,0
2296680135,0
2290847432,1
55643849,0
926808192,0
200642255,1
383582840,0
193334996,1
1935349710,0
2156548883,0
232001241,0
733974235,0
44797660,1
2691908218,0
178065120,1
1364594401,0
1423838946,1
325095139,0
130690342,0
926351996,0
235376362,0
74387179,1
256773868,0
465112813,1
1587941102,1
16532093,0
2228883186,0
372281075,0
301043444,1
2616364790,0
468151593,0
493260537,0
554602237,0
358059774,1
2932281087,0
404262656,0
2572128001,0
120950531,0
102371077,1
2243989254,1
1717047048,0
2232717067,1
39194380,1
1390117506,0
266276623,0
1852313360,0
1297668056,0
75960082,0
620367635,1
85528341,1
1525813015,1
28905240,0
1576403588,0
2399866651,0
45256476,0
2880182234,0
1040551710,1
15437599,1
2234781476,1
705987206,0
196120359,1
1895206699,0
17764140,0
1291980590,0
364678959,1
1569361712,0
2946600754,0
469831475,0
747933492,1
599592758,0
253788809,0
2307952440,1
2764508986,0
20188987,1
2988576574,0
1132334911,0
356650818,1
2916156043,0
54324223,0
165580617,1
2466123594,1
1154846539,0
108728141,1
959726221,0
1684672338,0
203689812,0
50597719,1
2400915288,0
328896345,1
56495963,0
340987740,1
264277853,0
2943799235,0
2334900880,1
418369292,0
16813923,1
2924875620,0
286780732,1
2773553003,1
2304249709,0
21605693,1
762187632,1
195989361,0
1940262770,1
130289524,1
1796509561,1
201363323,1
2596870122,1
2796982142,0
625840000,1
403836802,0
378247147,0
20451205,1
2875887494,0
224137095,0
2236583816,0
473599881,0
951881610,1
2227048331,1
2345734028,0
329977741,1
2208534414,0
549785488,0
311005073,1
312872850,0
944934804,1
94441366,1
175443863,0
439674269,0
374181788,0
189566877,1
1455123781,1
1172410272,0
83431331,1
593518154,0
2988373745,0
470093734,0
1180733353,0
78024618,1
95096748,1
238391214,1
179081135,1
1596362672,0
2762543026,1
627052468,0
2968860320,0
2809860022,0
362713015,0
413601720,0
35786681,0
2738105674,0
2986691495,0
1266094015,0
1861291968,1
2410221506,0
189757474,0
42721150,0
2830744645,0
2282721223,1
2326138824,0
1726255200,0
2991394764,0
26990328,0
149786575,1
2733281233,0
1393430484,1
52751694,1
158732246,1
2988493018,0
23498713,1
2290451557,0
867897307,1
989630430,0
521539551,1
2773716960,0
307992571,0
52003494,1
26054631,1
1217531880,0
381816809,0
2984087530,0
2670137323,0
2346094574,1
168824817,0
2735518876,0
606310388,1
20189173,1
1528565754,1
1330450428,1
2879197182,0
263229439,0
36999171,1
44470276,1
384536583,1
1058344968,1
334103212,0
15011850,1
14979083,0
707170317,0
115445775,0
23072784,1
844669255,0
21139474,1
131340291,1
1107726356,0
509251606,1
1478922264,0
1629083652,0
873304092,1
28512285,0
318504279,0
124686372,1
2884145189,0
959352871,0
86249512,1
620302377,1
485136391,0
2377814061,0
2269810737,1
262836275,0
1626148916,1
15601720,1
1959956540,0
1918638090,0
71012414,0
497946688,0
532385857,0
59740226,1
315920451,0
383520837,1
774934598,0
230878561,0
41848906,1
231608397,0
1489440846,0
1590104143,1
1285558356,0
75894869,0
274174038,1
506302552,0
751800409,0
1686409308,1
2179960925,1
348912985,1
431951968,1
264605794,0
74289251,0
608571492,1
2987830630,0
89985126,1
74831889,0
1430065256,1
266350566,0
86052970,1
22188139,0
448041068,1
2473498642,0
83693678,1
513740912,0
21729394,1
2770374771,1
2842300532,0
1637352126,0
1276842103,1
2730233977,0
10752122,0
458199163,0
337809533,1
23353365,0
1177391232,1
418300608,1
2516717698,0
2290421892,0
19437590,1
2324402311,0
259002505,1
469995658,1
2293665931,0
202328502,0
2962854031,0
715100304,1
312891416,1
420221074,1
48992403,0
355963028,1
50106517,0
86249622,1
1358499991,0
474157208,0
1558069956,0
2217737593,0
1444384926,1
31212229,0
134516896,1
14782625,0
2433865755,0
1466740081,0
60068009,0
2496729259,0
119771309,1
804458670,0
89919663,1
266234471,0
77458803,0
238293172,0
27383838,0
1636765879,0
2817691832,0
295833785,0
1413845178,1
1091475487,1
2577731773,0
235782440,0
612896960,0
2396164289,0
335397579,0
392113526,0
24416455,1
97161416,0
415105740,1
75010250,1
440766667,0
22876364,1
2363168803,0
527306967,1
637276380,0
512430301,0
470374437,1
2309512243,0
2983170274,0
2275807459,0
19370213,1
1536823526,1
383389929,0
2987767301,0
2605307943,0
2843017938,0
259854574,0
1579323631,0
46365772,0
17466067,0
77809721,0
1642893558,1
26841335,1
384897274,1
302223611,0
23859452,0
40472829,0
77245824,0
310087940,1
76353797,0
790790,1
2263836066,0
25563400,1
287346954,0
19665165,0
721359120,0
25596177,0
19468563,0
2215317780,0
63738133,1
595759382,1
512692505,1
1044076591,0
101552412,1
371921181,1
348263769,0
269750559,1
636470502,0
774967586,1
339939620,1
2987601286,0
914854183,1
2446135592,0
115839273,1
869765418,0
2341671211,0
282595629,0
328041181,1
143003954,1
381653299,0
432279860,1
564039989,0
2730561846,0
2747719592,0
588747066,1
124424508,1
2693566782,0
2615907572,0
458581385,0
2457538881,0
496559283,0
790852,1
2416349510,1
588288327,1
400855370,0
142020939,0
13370082,1
242511245,0
114790736,1
38626152,1
817992018,1
2987888979,0
489296212,1
174854485,0
2349207896,1
187994457,0
361468251,1
285825082,1
418910559,0
119968096,0
83963280,0
185078114,0
2436010339,1
1954517348,1
2437845350,0
382865767,1
86579260,1
990056810,0
2909606251,0
995103084,1
705696109,0
2988052846,0
329912689,1
2988282227,0
812528977,0
450009150,1
256643446,0
239538551,0
322408824,1
1199271032,0
382407034,0
892244347,0
566268289,0
2918158722,0
56004995,0
27103620,1
567756589,0
155468524,0
30151050,0
718442891,0
309891468,0
705073549,0
18026894,1
244715919,0
1280512400,1
18420113,1
2988370528,0
27169174,1
271019417,0
218370456,0
59740569,1
457707931,1
365105564,1
49123742,1
510236741,0
981569952,1
253890977,0
303010210,0
2869858725,0
10097062,1
246976935,0
14979499,1
829264302,1
61346223,1
137466288,1
64098738,1
2337211123,0
2225677915,0
35712414,0
537581641,0
72159672,1
64688571,1
215585213,1
168694207,1
930853190,0
2736132548,0
1717961462,0
393580998,0
55668129,0
95719880,1
227873225,0
634130890,0
924651980,1
312303401,0
65999310,0
270981197,1
232034768,0
587928017,1
963219925,0
232866553,0
138744283,1
188912093,0
456331742,0
823778,1
1164415459,0
109154790,0
381786193,0
267743832,0
161252092,0
1008112106,1
47649259,0
2182621300,0
708579822,0
392794607,1
241479080,0
299373042,0
24121843,0
1617891828,0
514429429,1
26127785,1
1090261496,1
249139705,1
257462778,0
44503547,0
139322250,0
128258562,1
432942507,0
167612932,1
211161605,0
2829685255,0
739451366,1
1335398923,1
593236494,0
618600536,0
628560402,1
78156309,0
357834950,0
2988447833,0
235868696,1
44765721,0
809144858,1
2960387503,0
163567706,0
29015438,0
167121439,1
175378976,1
273617441,1
930877986,0
87265827,1
1352307236,1
101565190,0
105910823,1
735811676,0
2397171122,0
2251100718,0
436081199,0
2941719089,0
2835681842,0
111226291,0
1727828532,1
894210613,0
8032822,1
2988278537,0
2417758776,0
514076084,0
42242619,0
2536149566,0
505385535,1
49549890,1
2290487875,0
868782660,0
2572948037,0
16486983,0
29758025,1
1719439946,0
2755170892,0
239223565,0
197564515,1
1535218260,0
1000051285,1
2908623446,1
80056919,1
322221778,0
18715225,1
2987986755,0
123343452,0
386739642,0
190911070,1
22712927,1
176296545,1
720186811,0
2500039268,0
99848805,1
2987721489,0
32903784,1
2286906812,0
29762558,1
1020334699,1
781685359,0
1927811696,1
141336682,0
338530931,1
1203016309,0
368448119,1
758518394,1
100930172,1
1076236927,1
419598977,0
112005762,1
600052355,0
523637380,1
2769326725,0
1293456006,1
16159372,1
2899851498,0
2832470670,0
2194772623,0
426447504,0
113578641,1
2255458963,0
2724321335,0
29988974,1
88052374,1
988254871,1
1337856667,1
30872221,1
419912838,0
2748682911,1
341907568,0
2216497826,1
15209123,1
1032262310,0
413210737,1
743903912,0
17863339,1
35426988,1
366450802,0
2450133680,0
1149047473,0
21369523,1
295178932,0
2987201207,0
96113336,1
17994428,1
2791609022,0
1407047797,0
355559828,0
2931032401,0
2214695624,1
2831487692,1
43352866,1
313496270,0
913380048,0
52564689,1
925467427,0
352219185,0
2833355478,0
2710180567,0
18322136,0
2987922137,0
336641367,0
409670363,1
718770908,1
2694617210,0
749769439,1
214733536,1
351671009,1
14717668,1
272082021,0
298685159,1
2424509160,0
2232193770,0
2572714791,1
62100206,0
1700795120,1
16126707,1
1155744553,0
40243961,1
283773633,0
30493646,0
38343420,1
2398372650,0
14750463,1
2991194683,0
867275522,0
1375965960,1
2989593353,1
22319882,0
2587946455,0
2507051788,0
189268781,0
601199376,1
715232017,1
301979779,0
1692111636,0
2157941526,0
45355799,0
349362308,0
1569428251,0
346624797,0
49222431,0
1584861985,0
100569891,1
917836580,1
88609574,1
1570902824,0
240620329,0
304124717,1
47656413,0
129569584,0
1004507953,1
174428978,0
132256563,1
462164790,1
53973815,0
391091002,0
154178363,0
2956218353,0
517575487,0
16651072,1
42210113,1
2338755394,0
2923467589,0
151262022,0
307817953,0
15170936,0
231894743,0
1198527306,0
1684640587,1
100537164,1
2505371106,1
163648334,0
587895631,0
269947729,1
1141452259,0
2462750862,0
2779124566,1
2426016600,1
27300697,0
1191252829,0
1029107173,1
8819552,1
21289104,1
862105309,0
270112071,0
2362970981,1
34018151,1
505451372,0
38507373,1
431264622,1
1936812930,0
185373554,0
259822451,0
612701044,0
252679031,0
2293700756,0
30282619,1
50828157,1
998380416,0
1855787905,1
1720718210,0
1398444931,0
2717815685,0
1865945990,1
1098561,1
21926792,1
245601162,0
311595915,0
94278541,1
2878215056,1
62722963,1
45716372,0
47506879,0
527537046,1
40211352,1
402363289,0
1301549978,0
2540049307,0
257329010,0
21005125,0
1700631456,0
1663701924,0
47256485,1
2477527974,0
1643582377,1
1390543687,1
1255615986,0
2259310749,0
318243656,0
144278115,1
502272948,0
381719477,0
64263094,1
502502327,1
706941880,0
2774143932,1
631935933,0
149787584,0
1865028546,0
22188996,1
77426166,0
29201350,1
53187530,0
263525325,1
2988413902,0
1925354448,1
393614289,1
2351272914,0
84677587,0
9933782,1
99587032,0
1668041263,1
2342786010,1
12325852,1
315069405,1
2987693027,0
19600356,1
484053990,0
2567214055,0
469898217,1
598709227,0
389026796,0
140493650,0
16192494,1
1636144111,0
14145704,1
28509011,0
45159412,1
171709430,1
2798459049,0
2895352826,0
2312134255,0
39359484,0
148149247,1
2752713729,0
121985195,1
2223641606,0
708325646,0
25924616,0
812106583,0
219164162,0
1107126919,0
409736208,1
1907557208,0
2214466579,1
990254101,0
47241391,1
234656796,1
1043600413,0
244225054,1
1243095710,0
610014243,1
142677028,0
36803621,0
65875711,0
1648268328,1
50714339,0
86479914,1
78124075,1
169777251,0
2982691677,0
482972720,0
248950280,1
2969048115,0
1672345993,0
1277891646,1
51304629,0
24613953,1
37786691,0
870618181,1
2950435911,0
630314373,1
110203977,1
568562762,0
26056924,0
38900812,1
250123341,1
205853774,1
353670223,1
2334823504,0
338827448,0
2555810898,0
404591699,0
319427668,0
503911511,1
54526820,1
528651354,0
2220495964,0
481104989,0
2289079394,1
430380131,1
314020964,1
2513146981,1
25531495,1
151491688,0
444404841,0
1417057386,1
155620461,1
2426049648,0
335713393,0
412696829,0
609391732,1
239277174,1
93492344,0
2418480249,0
714708090,0
2845087935,0
15963260,0
82515073,1
35722372,1
617321606,1
321000584,1
325583724,1
234080611,0
2828211339,0
23860368,0
244487317,0
221123734,1
325653655,1
333637200,0
234886299,1
353604764,0
19600542,1
2777453728,0
115250337,1
700224674,0
17700003,1
614470821,1
2811990451,0
1672352936,1
2356937586,0
1337889966,1
14838454,0
2783974577,0
2485753010,0
71287667,0
589534388,1
22058168,1
214537401,1
50533566,1
17006530,0
2561994272,0
387060932,0
1151046854,1
2149782727,0
1454052554,1
31691979,0
100078796,0
1856050381,1
28042114,0
824496314,0
36892195,1
362845396,1
285807831,1
277150727,0
30807257,1
835917020,1
1220351197,0
1252824289,1
760616162,0
54990053,0
991466726,0
19388625,1
308778217,0
1433539818,1
2988512494,0
264344819,1
581473524,0
424744183,0
1726470356,0
2277184762,1
2303759611,1
1253250300,1
1387828477,0
215127295,0
351507714,1
156603652,1
476190934,0
1551111432,1
548563641,0
402330890,0
2991494414,0
860712493,0
1056576787,1
518034708,0
263001367,0
2977961240,0
390763801,1
213174571,0
588420380,1
127178017,1
15767771,0
1711084836,1
2652411176,0
2944636201,1
2421412033,0
298980651,1
1258362156,0
194483501,1
2511541550,0
50042161,0
45782323,0
868554036,0
2991035701,0
2648999944,0
1302041911,0
2258212153,0
501454138,0
24646973,0
158111039,0
145010230,1
62985543,1
1029051722,1
243832141,1
169973070,0
301241680,0
2872415569,0
24057172,1
21075286,1
249533783,0
191621744,0
59053401,1
2947959765,0
48239963,0
593040732,0
2906762810,0
1679758687,1
2936182112,0
18716004,1
973076528,0
524195176,1
30610793,0
30086507,1
326538604,0
525632402,0
50402670,1
2982405513,0
525899120,1
1276384628,0
465251902,0
231314806,0
2352059768,1
2956837780,0
15177083,1
163305706,0
54793598,0
2987791743,0
2955318657,0
15980779,0
2579344385,0
49415282,0
2410288518,0
35657096,1
844076426,1
2266666380,1
44762702,0
264312209,0
331859024,0
5772692,1
347280789,1
489854362,1
1636472221,1
13473182,1
933729696,0
2264962466,0
23926179,1
18617765,0
1747457449,1
57776613,0
298128812,0
15373742,1
2955753761,0
205952435,1
536871838,0
24188342,1
251827639,0
2988316090,0
2291537340,1
1562187199,0
787420610,0
23621195,1
2779977157,1
26023367,1
453547465,0
2398197194,0
293279179,0
1722455502,0
369989073,1
1904448978,0
745739731,1
2972921422,0
2836370902,1
333092311,1
2988414424,0
2940081626,0
139761115,1
66721245,0
494343646,0
2540049888,0
177247714,1
284431843,1
915314150,0
501323239,1
633101437,0
235083241,1
174724586,0
850171375,1
69572080,1
181306280,1
220125438,0
570693110,0
600479225,0
62330363,0
2543986319,0
600380926,0
192976383,1
363828736,1
598644225,0
24606319,0
16815619,1
2960561668,0
140744197,0
323458566,0
375920897,0
74502549,1
12949002,0
2834568716,0
526871984,1
112239283,0
439326231,0
96114200,0
1496389147,1
278795805,0
220173854,0
22812194,0
1479841315,1
412860677,0
358696896,0
443378902,0
185374248,0
2769851945,1
130504967,0
273126960,1
16324586,0
17984363,0
2920584755,1
222959158,1
203593272,0
1270683193,1
2849025631,0
153949758,1
212375106,0
340891915,0
89527876,1
250921910,1
1591809606,0
321126317,0
519771723,0
391157324,1
2458031906,0
732136376,0
423073362,0
2762774100,0
2639515851,0
29300311,1
27956824,1
214799961,1
727586394,0
163026524,1
1290049118,0
1054338661,0
3905121,0
17149542,1
100900262,0
236197611,0
571256423,0
601101934,0
190383037,0
190256752,1
629053044,1
170923638,0
238366313,1
1659410040,1
458167932,0
2911868541,0
43554432,1
106108545,1
208377474,0
492578777,0
294753926,0
142022279,1
2620326850,0
420517519,0
317757072,1
1370380568,0
557061778,1
601506755,1
94246548,0
133017198,0
908990102,0
1639323834,0
551458457,1
360060570,1
569054875,0
1304986304,0
298555037,0
486494732,0
15079071,1
2246564275,0
493721252,0
21370533,1
1289557670,1
2416416425,0
129472171,1
2485149586,0
942414109,0
357252546,0
2987617827,0
285939378,0
185952986,0
1113233082,1
44340923,0
17635004,1
558307005,1
226403137,0
28683840,0
1916278465,0
46995138,1
1953273540,1
1493692022,0
361388321,0
2281150152,1
25302732,1
2988250829,0
708220622,0
2988283599,0
2185581773,0
143202001,0
887822035,0
103945940,1
1033672405,0
182458070,1
457764473,1
25728728,1
2988316377,0
2826933978,1
79140571,1
606803676,0
110061177,0
51353310,1
414406949,0
130750176,1
2311132898,1
2250681979,1
1905235687,1
154113768,1
280145532,1
22484714,1
2987071211,0
39011282,0
410490606,1
84776687,0
362419953,0
110761714,0
1101797107,0
963155701,0
521610505,0
198990121,0
16389881,0
543364860,0
77764350,1
2781517567,0
37492480,1
2460718850,0
2951255811,1
49846020,0
61675270,1
260118279,0
256808714,0
427443159,0
63444749,1
1145712960,0
402495249,1
350525202,0
346762883,1
2988638200,0
111449882,0
1614092059,1
2331203962,0
24778526,0
129439521,0
1247385378,1
2565543715,1
1146132260,1
1247778600,0
21272361,1
298293035,0
16029484,1
952473906,0
101809180,0
1885307869,1
1475811120,0
1335629617,0
2315326929,0
544397619,0
224827189,1
18880310,1
426612535,1
437458744,0
557061945,1
361994042,1
2787841851,0
365074238,1
381603450,0
936220482,1
402020662,0
1161526710,0
844994377,0
874905235,0
2987726667,0
46692405,0
66459471,1
944936784,1
589235171,0
400103252,1
1447401301,1
1287387499,0
2197919576,0
471144281,0
988321626,0
97589083,0
113186652,1
1461442874,0
207523404,0
2730765968,0
336271202,1
2347734883,0
439387110,0
494966630,0
2528155495,1
277059432,1
258185067,0
369735786,0
216831853,0
1457592174,0
69474161,0
303830898,0
25325203,1
223582069,1
241211254,1
98703224,1
2182387577,1
514529146,1
266442619,1
42894314,0
316708735,1
74608910,0
100046721,1
423860098,1
2751654572,1
340029078,0
1934989190,1
17504138,0
1001762455,1
868358028,1
51648397,0
2988611470,0
233194477,0
2317856408,0
33003410,1
361240468,1
360039406,0
2508353177,0
296556440,0
622761881,1
2977326459,0
2868265968,0
68229028,1
555489189,1
467015593,1
2559023018,0
69867435,1
2926092447,0
23631790,1
2845808560,0
2469730632,0
594515890,0
2451118003,0
176134068,0
231702764,0
286365622,0
211818423,0
15636408,1
609228730,1
493153951,0
1973786557,1
324638654,0
545232831,1
593290177,0
244291523,0
2787367957,0
439594657,0
1011849162,1
708677762,0
1886875298,0
2173605838,1
1968047096,0
740530130,1
1717442516,1
1290278869,1
522229720,1
2988087257,0
14292954,1
1326127068,0
2958170077,0
466458591,0
1933088736,0
221623997,0
18094050,0
260347875,1
16685028,1
333611041,0
80320849,0
1628510184,0
19961833,1
1858607082,1
93100011,0
112629740,1
420888290,0
2868090862,1
378968051,1
331814902,0
2790627319,0
227088376,1
749990642,1
467965946,0
103913467,1
28841980,1
98539517,0
316643326,1
634288143,0
107463680,1
939661314,0
1585911811,1
2991085910,0
57579526,0
282793991,1
488282121,0
71669770,1
441489419,0
78944268,1
2403538959,0
385128465,1
1633851410,1
317691924,0
1112872981,0
23992342,1
789780505,1
1602721818,1
373599919,0
360880158,1
922294303,1
1071388704,0
144644129,1
580786211,0
2205811718,0
2693339175,0
1660327976,0
52140074,1
1736300744,0
2508500658,0
182679385,0
158596603,0
2917963826,0
96016436,0
32413752,1
250746940,1
289107039,0
321525822,1
1599379519,1
2915040912,0
2202474563,0
481499204,0
1434130501,1
186947654,0
256350279,1
729782346,0
2777356364,1
160143437,0
896669774,0
842569808,0
345583288,1
563386453,0
1939019862,1
26286167,1
349444184,1
134748249,1
22419546,1
483399772,1
1968019550,0
390928481,1
399054947,1
32397670,0
2682394726,0
2857648046,0
473202589,0
170334313,1
263493739,0
139335790,1
14227568,0
2348619889,1
383490162,0
224434291,1
2987989108,0
2214729847,0
1468471416,0
2279872634,1
394860667,1
329848956,1
274634878,1
1122637951,0
826120320,1
250026115,0
2861668484,0
2348087740,0
141373121,0
17205148,1
1485281419,1
1325308045,1
23140494,1
455481709,1
106502289,1
275257492,1
315889815,1
1414207640,0
1400204996,0
1127585946,0
2988349595,0
192283674,1
400693407,0
18946208,0
260020385,0
2800162978,0
58743153,0
625350825,1
2320046250,0
926292139,1
58595502,0
19011761,1
2956171445,0
280751003,0
14031032,0
2450364602,1
441882814,0
2979961023,0
33364160,0
2991298753,0
240228547,0
278632644,1
399186117,1
552474822,1
5445832,0
2293569738,1
2945194187,0
2224363724,0
2383570582,1
386131442,0
1423055060,1
6985942,1
468392151,0
448534746,0
1158191323,1
1677334748,1
35985786,0
790108382,1
725861413,1
2209880290,0
25368806,1
361535719,1
2266503400,1
318937322,0
45750508,0
311433453,1
2718636270,0
38967536,1
15692573,0
285350131,0
20060408,1
16128249,1
994777338,0
414324987,0
16914685,1
2852854015,0
2806459146,0
19536129,1
190519554,1
14293251,1
76290308,1
229775621,0
12851462,1
299342088,0
924140588,1
1022335243,1
1161911894,0
21371149,1
242358542,1
2294650030,0
2877559748,0
2624379267,0
20158742,1
2442533144,0
2771261721,1
19044634,0
2874475567,0
807868700,0
2806159645,1
608376153,0
2406258975,1
562305312,1
2841155873,1
173853242,0
1918179620,0
28809606,0
2503050289,0
2987989288,0
1608953564,0
451582251,1
1406540077,0
598415662,0
17996079,1
1371019568,0
226417032,0
633739570,1
581638452,0
194277086,0
371518987,0
2544572729,1
2991050286,0
2470713661,0
68393278,1
492673343,0
1382521152,1
485595457,0
2276104515,0
2358871094,0
180132166,1
31037767,0
85203272,1
555784521,0
21174604,1
188881230,0
2767623986,0
758154296,0
164370773,0
16259415,1
1418991961,1
123410780,1
249010526,1
1403558239,0
265509264,0
2157091170,1
255722555,0
164490257,0
2152853222,0
408885606,0
41785704,1
385188924,0
2951846253,1
776214894,1
863672688,1
1722494696,0
145742227,0
32348533,1
339417462,0
2233538935,0
352033146,0
21764479,1
2648316288,0
225909126,1
2339608968,0
2227607945,0
866425226,0
2990315916,0
1351468098,1
359143823,1
105453974,1
414456217,0
32905624,1
290178116,1
2572851610,0
2230846578,0
17176990,1
2259472844,0
327522723,1
191489028,0
30644645,1
307730854,0
870453000,0
15702448,1
2374472747,0
436279732,0
2339183029,1
2266383433,1
1659230623,0
372054460,1
598743486,1
178166211,0
136944068,1
17603013,1
406688637,0
2312406092,0
89026295,1
243341773,1
282728910,1
1708736101,0
318708176,0
1616288209,1
2289932707,0
1544624598,1
157380345,0
248289752,1
538745306,0
50403804,0
459512285,0
600218078,1
2881001893,0
285350368,0
1252989409,1
305273314,0
2988841443,0
2792069605,0
25303526,0
380312041,1
2215691346,1
446323704,0
83270135,0
633412089,0
225193727,1
2465012221,1
24969642,0
18082779,0
548805121,1
1253054978,1
785496032,1
1014143496,1
512399882,1
19503627,1
366287373,1
2518030864,0
394598931,1
1602198037,1
546249239,1
23796250,1
2934692271,0
134584860,1
1275784237,0
2374496005,0
2742679337,0
87759396,1
538745265,0
64985640,0
2788328540,0
25369130,1
199039532,1
1863948846,1
307927599,0
60987952,1
325196338,1
30071219,1
2319418462,0
37788214,0
836016698,1
526883388,0
140504842,0
100550042,0
506534325,0
26417728,1
85236289,1
2451774019,1
207329860,0
1434393158,1
390470215,0
930557413,0
912890444,0
556505679,0
883202640,0
252910163,0
903006379,0
474061398,1
2250199584,0
166402651,1
1268324958,1
338041439,1
76290656,1
3152481,1
2321062498,0
265591397,1
67803750,0
496638567,0
849746538,0
2153749099,1
410065516,0
333814382,1
2719259247,1
2742033009,1
68819570,1
33353491,0
95164862,1
2466191990,0
2929575017,1
250976889,1
2820577914,1
2766772861,0
18946688,1
516037249,1
1107466884,0
1447587606,0
257694342,1
49748616,0
2988064295,0
1202690700,1
193731213,0
357571214,0
269458063,0
974690960,1
153623185,0
911710866,1
223592843,0
2578105454,0
864098966,0
229349828,0
404527770,0
560601755,0
162503324,1
2948471453,0
483072670,1
120527521,0
1456151202,0
116824741,0
121635953,0
2314934952,0
413342378,1
816061099,1
912792236,1
493126770,0
168893102,1
370514608,1
2745932466,0
119637107,1
606050997,0
56629944,0
22158009,0
2735714079,0
142645952,1
1252858435,0
55384770,1
211622347,0
2451348164,1
2972162758,0
2654691118,0
515709640,1
2218629833,1
392289186,0
2549193422,1
2988526102,0
337418960,1
79796946,1
471538387,0
551459541,1
131963608,1
1487805145,0
2241239771,1
42703583,1
822287077,0
328309201,0
291805928,1
568695530,0
19045099,1
416619245,0
23534319,0
183016177,0
365763314,1
1972509139,0
117021428,0
531798775,0
43653880,0
287889876,0
2583108349,0
143006466,1
45903659,1
2988153604,0
2956958469,1
121862161,0
45745281,0
271555337,0
121740042,1
1939457154,1
1682184974,1
2163481359,0
131242768,1
357210897,1
341908242,0
2922191635,0
87333653,1
46963478,1
616699310,0
824475192,0
2602900249,0
88415002,1
376937245,0
108337950,1
133754672,1
1241717539,1
359930660,1
2976783142,0
432320305,0
381205244,0
391519017,0
49191723,1
2493455150,1
434608605,0
307305268,0
193796574,1
198253367,0
1918475064,1
1278947124,1
94280159,0
628753546,0
293051199,1
168008512,0
274831840,0
2596543298,0
1378279094,0
238689092,1
598055750,0
30480865,0
280861515,0
2180619086,1
234199887,0
618044242,0
268048867,0
20369449,0
174005079,0
193698648,1
388012889,0
312417114,1
24451931,1
360847845,0
16849760,1
18848609,1
1404279650,0
101423972,0
2467950966,0
487003995,0
1352953514,0
2395970409,0
1325881831,0
2987105133,0
93526895,1
220896113,0
106470258,1
1561172852,1
2988797758,0
1625981539,0
90545015,0
447314463,0
464132985,1
22027130,1
1206164348,1
18680381,1
154901374,0
704551807,1
1198731072,0
32414594,1
444165536,0
207231880,1
22322059,0
26909581,0
1554291602,0
369204116,0
497261462,0
25369500,1
356522909,1
22032197,1
54352368,0
69671842,1
251364507,0
553742150,0
2975430837,0
172628904,1
629769372,0
2196183978,0
54336427,0
38542252,1
234920877,0
107092911,0
964833096,0
101129138,1
273292211,1
488989087,0
2348456887,1
990042612,0
71080891,0
1639488446,1
377134015,0
736598976,0
258188890,0
347181229,0
439622601,0
291996834,0
213326798,0
2249759695,0
205659088,1
108124664,0
1654168531,1
2977653834,0
704027605,0
15145943,0
471329148,0
228137947,0
339418077,1
1476467678,1
107813855,1
2225118177,1
598305046,0
29531108,0
2359008229,0
392648850,1
1278778346,0
2878413806,0
250125295,1
153918448,1
304651249,1
564304882,0
279387123,0
2941737470,0
1209305827,0
247153833,0
405609464,1
2589498361,1
45784061,1
2505907201,0
552404139,0
2350231130,0
311106566,1
2377914881,0
78070956,0
25762826,1
64048483,0
14162956,1
258251266,1
959781902,1
524983313,1
721427474,1
284269589,0
329161751,1
555981848,1
2298059801,0
30940188,0
259922973,1
715463711,0
493248625,0
2657726299,1
2988234525,0
15034921,1
1038916646,1
30841895,1
558341160,0
44276777,0
372120618,0
1035672620,0
247792818,1
254057521,1
192994963,1
170990645,1
742923318,1
22338057,0
310350367,0
174300217,0
848469050,0
2937920010,0
2691505214,1
132684863,1
956111936,0
275160129,1
2813123083,1
503444383,0
397974597,1
2215484486,1
60726343,1
91626568,0
279288905,1
2938805326,0
941104207,0
2723286905,0
561585233,1
154415878,0
629843,1
233348180,0
204643413,1
1263443030,0
2546113623,0
799186008,1
604740698,0
2900696155,0
126557276,0
239551674,0
51747935,0
5774432,1
396729443,0
62168166,1
15277159,1
15146090,1
566402156,0
1868438641,1
2777554034,1
345971827,1
60267638,1
527789929,0
252419192,0
76586105,1
814095482,0
2792490175,0
172976339,0
298720381,1
1467799328,0
2798427264,0
2847415425,1
1607146626,0
1490721924,1
19111046,1
82877575,0
1017912457,1
36117643,0
1046649996,0
386604173,0
384605330,0
489495705,0
2886474907,0
21895706,1
257399969,1
170935494,0
630398118,1
33987752,1
27499691,1
130920306,0
2327354542,0
2605653169,0
2502663347,0
241376437,0
549428406,1
1047010489,0
15473850,1
163454139,0
2197626044,1
589339837,0
2873597118,1
736173247,0
983080128,1
258022594,1
191929540,0
30076790,1
16456902,0
568696008,1
2979994826,0
603997178,0
2401993933,0
2790169808,0
1582144723,0
2152013016,0
2898468057,0
156277980,1
564993246,0
392371425,0
1604426978,0
27761892,0
19242216,0
2379783403,0
606379244,0
2760604067,0
796620128,0
215457011,1
408132853,0
290626806,0
16456233,0
601562363,0
552639018,1
25767808,0
335617284,0
378608902,0
266378503,0
398433544,1
109255945,1
2742263050,0
2284166413,0
15211790,1
172563727,0
555320536,0
2969704962,0
2646121748,0
1327405614,0
45794521,1
2626428184,1
587034500,0
2449218846,0
357899551,0
22289697,1
2869894437,0
92035633,0
54402345,0
360389930,0
626281632,0
1885116978,0
2887581058,0
2649267505,0
2957122866,0
1959811855,0
773889337,1
162143551,0
1958812992,1
474815809,0
431889730,1
866818614,0
2565086534,0
239224033,0
53550408,0
1285451,1
144940364,0
549035341,1
434380110,1
2735484196,0
2941820240,0
409247057,0
272170644,1
449256788,0
49225045,1
14097750,1
248552792,1
151657818,1
379531151,0
2312576348,0
732011869,0
521575774,0
2633702751,0
227515744,0
375992208,0
1674780002,1
2846465379,1
43982180,0
103325029,0
2543000935,0
2531859818,1
1008213355,1
136402466,0
26123629,1
1434885486,1
288348733,0
106470768,1
933663079,0
19132307,1
407902782,0
1228840310,1
2988383608,0
341172620,0
592027003,0
1660984700,1
2827289834,0
453750677,1
2163022400,0
539925890,1
40344963,0
850009477,1
308795969,1
106153196,1
49543014,0
1478532492,0
72490381,0
479108494,0
47259023,1
2912820625,0
1747525010,0
118037907,1
309927318,0
862424006,0
701760751,1
405268875,0
2806488478,0
18443829,0
174547239,0
2374802850,0
364540263,0
174562724,1
424943013,1
193863078,1
415047079,1
266182056,1
496246185,0
2241109418,0
2365758892,1
2986548653,0
422780335,0
1234738608,0
2772401372,0
977313205,1
365796790,0
2988300873,0
1447959992,1
342531514,1
27058591,0
625819744,0
25380085,1
1305189824,0
629583776,0
25012299,0
221420999,0
144416200,0
761290,1
929930700,1
416572254,0
2490419536,0
2857665784,0
356654546,1
1708060579,0
45293015,1
2910658008,0
366288346,1
425631195,1
1433339130,0
6462942,1
112827871,0
404486537,0
2711461345,1
831964411,0
393125348,0
956571109,1
462265830,1
502891194,0
277880296,1
58017020,1
920198634,0
2966941607,0
2488933868,1
155491821,1
2990906862,0
323423211,0
281751464,1
622556632,0
348847633,0
2445516278,1
426961635,0
2432474616,0
1558945273,0
26025466,1
714087931,1
249437695,1
2322210304,1
608476674,1
147955203,1
353607173,1
2326044167,0
152772106,0
2319261195,0
1578573324,1
459326722,0
2241502734,1
498479021,1
241737233,0
25019651,0
174497300,1
139206165,1
1581751831,0
634887704,0
286006809,1
503848474,1
179609115,0
157621789,1
376446494,0
52600353,1
189046306,0
14424667,1
452391514,0
15310375,1
26418730,0
955707314,0
1074332936,1
226467379,0
2275647029,1
513404852,0
193207866,1
212049467,1
1689787964,0
298255626,0
386833983,0
2548964928,0
17047105,1
1379409475,0
51071692,0
415407685,1
24190534,1
370253383,0
2476416584,1
2346327626,1
944643661,1
257695315,0
704650838,1
433659481,1
559029850,1
2988383835,0
2965806684,0
338046906,0
235216483,1
1596322350,0
715159340,0
27958887,1
456302184,1
16227947,1
1550458476,0
548695997,0
22617713,1
945135223,0
234659449,1
2984515123,0
550641276,0
1924800127,0
1160945282,1
447759638,0
2401541766,1
447684231,0
2217896714,0
2431950475,0
31596172,0
317981976,0
397680274,0
24583828,0
1181850222,0
233414294,0
2990738234,0
2410028701,0
308158110,1
180694981,1
114204321,1
2651587867,0
578559652,1
30678696,1
21110442,1
1507662450,1
15670958,1
729587376,1
758554291,0
18206858,0
155819703,1
2510692025,1
262020795,1
2352421493,1
1622646464,1
228967712,1
2583109314,0
2233835203,0
173842116,1
26156744,0
180285388,0
981670519,0
1323081420,0
219520718,0
2836766415,0
1880504022,0
2802884305,0
2341641938,0
257007315,0
2741878109,0
185212631,1
127894187,0
21896924,1
14719610,1
80027358,1
559226594,0
320577251,0
1099374308,0
357768933,0
139898833,0
1229627112,0
1128782460,0
975904490,0
875087143,0
35692268,1
156278509,0
235766194,0
316382962,1
415964915,1
1313087220,0
15867637,0
1067753208,1
2699310974,0
2426576634,1
2842631932,0
2876055296,0
287874817,0
280239874,0
2830671619,0
398831574,0
1708498694,1
315924232,1
2479103754,1
418492375,0
2868649742,0
2313307437,0
391061264,0
176599000,0
24118574,0
804790038,1
71671576,1
399710852,0
1245060890,1
488588591,0
577571420,0
910984496,1
2313641700,0
10821412,1
109213825,0
58859304,0
455515945,0
625957511,0
736108332,0
25632557,0
63807279,0
318218032,0
190291761,1
91135794,1
1977491251,1
586817335,0
412589880,1
1317179756,1
34742074,1
341188411,1
178626368,0
721309259,0
247439171,0
404365124,1
510871731,0
703962951,1
845946696,0
71769930,1
520815927,0
311795533,1
9379662,1
2987466575,0
2633965392,1
288366417,1
266280786,0
2959667171,0
120463188,1
104580409,1
756129624,1
278142809,1
2959286107,1
25718203,0
1279847833,0
40476513,1
274734947,1
2902368101,0
2973507430,0
85860199,1
296820584,0
1373183850,0
330702700,1
399744877,1
107913070,1
2911149935,0
329064304,0
1083895784,0
2165897711,0
477470579,1
34676596,1
2706481015,0
110075768,0
2287051455,0
880859797,0
97853312,0
20029316,0
2362122118,1
2960278849,0
399744906,0
735027085,0
2879299472,0
5906322,1
344334227,1
25370518,1
1120921,0
349764543,0
78628164,0
989798298,0
1638047646,0
2229126469,0
359178145,0
349872034,1
2284036003,1
318053236,0
15179685,1
977837990,1
2987618289,0
69678745,0
327458732,0
16588717,1
377528241,0
2174361522,0
132882356,0
2476841630,0
249012150,1
460595128,0
2330959802,0
2880816458,0
1478369215,1
956768192,0
423370690,1
1218486211,1
59219908,0
2227118021,0
223190982,1
2808356807,1
2833286476,0
96202743,0
52830156,0
189341645,0
21962703,1
769728464,0
338075604,0
86876119,1
2563809240,0
350035929,0
1377509340,0
711303133,0
1262952414,0
2826313695,1
2828189780,0
21766113,0
2365416313,0
554087034,0
327557094,0
1891246058,0
223682539,1
575938544,0
91019944,0
1141415922,1
635389267,0
2998509556,1
2753470454,1
21316948,1
317890554,0
2988843003,0
35823613,1
21087573,0
339091457,0
53616642,0
1425612804,1
733945861,0
519020550,0
17248257,0
536943276,0
2907840522,0
2989638999,0
2806030348,0
73773058,1
49061902,1
2466306733,0
174628880,0
15474705,1
2347429891,0
1281237012,1
2980511540,0
2263813663,0
213117617,0
65510632,0
2485690398,0
22519842,0
259884379,1
19111973,0
292036648,1
137338921,1
1225629738,1
228028423,0
2414780461,0
2329911342,1
623878191,0
373432368,0
324116529,0
2566332466,0
760093363,1
597467189,0
2391806495,0
2519081017,1
472129597,1
127672384,0
2494725734,0
2609994422,0
1932664904,1
325623883,1
1929617485,0
556671057,0
2740101202,0
2730860627,0
590557198,0
902373462,1
542744664,1
436782436,1
21078106,0
2476060687,0
2922127452,0
253892059,1
333488224,1
1356374113,0
551493730,1
600660667,0
346660964,0
2609422437,1
85794919,0
262971496,0
310681706,0
2987106412,0
824746093,1
2700648559,1
33661040,1
14131313,1
1621747861,0
608182396,0
257499261,1
256840802,0
1402052736,0
24912002,1
61350019,0
14459013,1
37853889,0
1532371080,0
162504841,0
245473418,1
196767767,1
2705137805,0
781131919,1
2846158872,0
2353537172,0
61612185,0
449192090,1
86984047,0
2336648782,0
28405667,0
186720414,1
2863308959,0
2713252198,0
381624481,1
344334498,0
622993572,0
2980201841,0
320970921,0
221257899,0
848666796,0
38084781,1
151232686,1
28761376,1
18784432,0
177447091,0
20586677,1
15573174,1
20961993,0
280731832,0
2314379450,1
2244030495,0
50192149,0
16064701,1
208576702,0
29892799,0
605135040,0
17014977,0
466657474,0
2987499717,0
377495750,0
479666377,1
21405898,1
135504077,0
2718408910,0
20291791,1
1151377616,1
216670419,0
203768581,0
489234648,1
1077063716,0
427991259,0
228565213,1
62431455,0
393814240,0
344793316,0
1194749990,0
2162434278,0
983292625,0
246635218,0
179806447,0
411856015,0
627277708,0
2604146931,0
2392236276,0
2199665351,0
2331287799,0
45031675,1
2988777724,0
383951101,1
864887040,0
473440513,1
117907714,1
1729677980,0
19374341,1
580427288,0
2188985729,0
1173233929,0
2916810292,0
160637196,0
276242701,0
1026990350,0
236133080,1
1905926419,0
2473926933,1
760652054,0
602970841,0
102834460,1
67084575,0
2414616866,1
357419578,1
2332986954,0
949978502,0
64139313,1
17408296,1
286957865,1
66330923,0
307044653,1
180461870,0
2988515631,0
182886706,1
2988913251,0
1617436981,0
766910774,0
2245789065,0
17408312,0
2875302202,0
2988841695,0
81895740,0
2806391104,0
49644939,1
153198916,1
2431317415,0
14360903,1
2654871886,0
899686735,0
150774097,1
492675412,0
102146390,0
2502504505,0
625236708,0
473702748,1
351707485,1
1625039198,1
883204447,1
118923616,1
858005857,1
412524898,0
1406598924,0
390013289,1
594256234,0
188260716,0
1976114317,0
1650073970,1
2379555187,0
48472436,0
19669365,1
8266102,1
167289209,1
276111738,0
2571563071,1
752066942,1
347808127,1
26780032,1
342598018,1
2302941931,0
1158586760,1
379330955,1
1123099020,0
1017094542,1
55565037,0
2216305040,0
159818129,1
20062612,1
1442259349,0
563650967,1
19898777,1
372908442,1
212705691,1
1537092678,0
441206170,1
1692901790,0
26026399,1
217883041,1
466756002,0
970334628,0
55386535,1
209199532,0
442376621,1
104702382,1
2364318127,1
337715633,1
1970545075,0
260612532,1
263342348,0
517808570,1
2987608264,0
43888714,1
67969470,0
367010240,0
1578738114,0
180187211,0
2586780102,0
274678099,0
187736524,1
237052365,1
368750669,0
2979570128,0
170136927,0
507544995,0
347513301,1
2991509227,0
1533092312,0
2408554969,0
383055800,0
468066782,0
38274469,0
11346402,0
153166309,1
314122726,1
133886033,1
29827561,1
590782954,0
403579371,1
436412909,1
1167106543,0
429466096,1
373727729,0
289710578,0
28287477,1
15278583,1
363799033,1
611230202,0
105685503,1
139829762,0
433889798,0
2184528895,0
411771401,1
2525733386,0
2986844685,0
28100839,0
1511236111,0
1323377173,1
2218172954,0
820814364,1
232108122,0
428450334,1
355277573,0
2933826080,0
2545426977,1
16851490,1
250163291,0
512172580,0
12966662,1
67248678,0
291,0
553919019,1
792306224,1
496542257,0
1452876338,1
1705288243,0
2217943604,1
18946674,1
45064759,1
2889065016,0
73975220,0
73769530,1
15513979,0
2578861139,0
368878143,0
2917014335,0
238428738,0
1061669084,0
300982855,1
596994098,0
2764850615,1
397451854,0
935899662,0
1573954128,1
2788696657,1
247831310,0
191636054,1
548315735,0
71606873,1
15868506,1
2330549007,1
1425908316,0
30548574,1
2683609695,0
2889097825,0
868917858,0
2419368548,1
241377893,1
55091814,1
400874257,0
34808424,1
590258794,0
212640364,1
176954130,0
2468251069,1
215491184,1
1659150961,1
256713331,0
2391515764,1
487596663,0
188490360,1
257729145,0
46211709,1
25567870,0
2366872341,0
2982763653,0
29631105,1
1725309570,1
2989531779,0
576232214,0
170173062,0
2560107146,0
123380363,1
16753292,1
561521294,0
232484973,0
83874372,0
18686609,1
2354193042,0
414294676,1
2813928085,1
815768214,0
2471471013,0
34415259,1
598055706,0
25109150,0
128599493,1
1559834736,0
411853888,0
462070442,1
1973265067,1
457745068,0
2440897197,1
408560302,1
2990910049,0
2724405937,0
390898354,1
288694963,1
779002549,1
379495096,0
2505155258,1
2859246267,0
53715644,1
419668671,1
198648512,0
348136129,1
541696707,1
442114758,0
341287628,0
21158690,1
1664066256,0
19473105,1
17900243,1
19636948,1
536027862,1
315830393,0
1360960292,1
761471706,0
226337499,1
516545638,0
287810270,0
374088415,1
1398186720,1
396927713,1
141976981,0
157623011,1
21898461,0
2431327014,0
318251750,1
33694394,0
32154349,1
27927278,1
61580015,0
185148145,1
2988352245,0
434051881,0
2575737595,1
55026428,0
2615059197,0
328016638,0
2458224085,0
331608192,0
236823300,1
523674374,0
1573298952,0
1543447308,0
46965517,1
1273504526,0
264133421,0
2755726768,0
710812440,1
1262199577,1
1832187728,0
595338017,0
16884514,1
31335205,1
262132297,0
85697321,0
1018110763,1
473280151,1
2408260398,0
27140911,1
60138289,1
2283709238,1
16458552,1
324608826,1
17303007,0
243278652,1
255730493,0
1512237840,0
2310185791,1
2751217123,0
40633824,1
2379260738,0
264610627,0
2890132172,0
145335111,0
630858568,1
21246092,0
2988057419,0
2305368908,0
783590222,1
16216205,0
24126288,1
1389239096,0
181674838,1
356459351,0
348737148,0
202879119,0
199402333,1
2917336549,0
424552466,0
1461035875,1
284140391,1
2335548264,0
180396905,1
2425267050,0
1499636593,1
2983129235,0
302261109,1
1281106807,0
71082872,1
768418681,1
452535163,1
1134830460,1
240722815,0
1138631552,0
419879744,0
184099714,0
21612011,0
422294919,0
2506075819,0
289121159,0
1080402824,1
2735219596,0
174957453,0
960930702,1
383001488,0
602121105,0
492675987,1
710058900,1
1189946262,0
1449862039,1
2496406424,1
2422645658,0
526984092,0
1671832477,0
490415008,0
93439472,1
31466402,1
197062811,1
1496362992,0
2987165169,0
264315816,1
709501866,0
2987727687,0
467936172,0
276800429,0
2171151278,1
369586333,1
1144267698,0
35169207,0
189768634,0
54764475,1
601039804,0
507126717,1
508003829,0
212411328,0
99001281,1
2540413890,0
436216772,1
337544694,0
364078556,0
2331354055,0
2601001928,0
2436196376,0
33268682,0
37561295,1
272278483,1
477307860,1
1140270038,0
371201665,0
1357456345,0
228533211,1
451191774,0
97160634,0
1024107492,1
2361271273,1
180659178,1
746202092,0
566633453,0
2964988911,0
53060592,0
203747496,1
300995315,0
1716691956,0
1857463285,1
424649718,1
2328306679,1
1598970708,0
17310714,1
24817834,0
11346942,1
2276811024,0
26289154,1
2301830148,0
126120555,0
1511531526,1
238658567,1
1486243855,0
900342793,1
727524362,0
149922828,1
1010672653,1
2452119289,0
2988597333,0
21044056,1
17867794,1
428614676,0
2823022876,0
1105077270,1
940476960,0
1554981914,0
1642341404,1
589538333,1
1882465310,1
10757152,1
259892258,0
492446756,1
329489721,0
2988596722,0
489727015,1
796533800,0
399156268,0
122990770,0
1029415982,0
2819014909,0
941368369,0
35071026,0
348234803,0
34761712,0
1917166645,0
1581818935,0
164845245,0
1120118756,0
137569342,0
2586420288,0
499456864,1
14796299,1
18883652,0
561357894,1
367336289,0
101295176,0
2916820042,0
2988922575,0
1417126988,1
240854093,1
2385290319,0
2418549840,0
2322113618,1
60236883,0
875635796,1
104539221,0
814130263,1
1107469400,0
2789088100,0
1077060698,1
25371739,0
958720939,0
1225892959,1
163783776,0
542024801,1
2991400034,0
2952170320,0
21144677,1
2988287079,0
2987074667,0
253699180,1
291382381,0
574792816,0
75146353,0
390276213,1
1975460983,0
167224440,1
1493345402,0
2791122044,0
546514045,0
386212991,0
341685511,0
556409985,0
248259715,0
49489028,1
1236051078,1
27600008,1
1480303754,1
310682763,1
1557210253,0
38642830,1
22682477,0
786179216,0
1371612307,1
548611223,0
321856665,1
2379424922,0
611230875,0
79778828,0
2156078237,0
2588517534,0
1220813983,1
1375558512,0
377791650,0
81437862,1
1107535016,1
2782733486,1
197207215,0
2746754225,0
2842633394,0
1671079092,0
191669429,0
2985239734,0
28330414,0
235264884,1
2489296058,0
66299067,0
17769662,0
48720528,0
92456480,1
2300814530,0
201696451,0
268575940,0
372057285,0
277488838,0
470656200,0
383919306,1
2988549323,0
302851278,1
29435088,1
2379064530,0
2575787450,0
2499912918,0
366978265,0
1247454428,0
211625181,1
186254885,0
2666702048,0
80651490,1
276997348,1
1354933477,0
580363495,0
24814824,1
123968380,0
457090282,1
1326188071,0
35776624,0
1421518063,1
17172008,0
233926867,1
1135355125,1
2480895738,0
1061914153,1
64726265,0
2287855828,0
2777566844,0
386237995,0
1511314716,0
2434674902,0
1161897223,1
63776008,0
2296587529,1
103997014,1
1425873794,0
320349454,1
91260461,0
55452944,1
19014930,1
968992020,1
1571890453,0
237778455,0
307425497,1
110437656,1
398525755,0
42889784,0
2203821339,0
1220322588,0
299017502,1
168764705,1
895821092,1
469902629,0
558179623,1
1099212074,0
402826539,1
762791474,1
469771566,0
221816111,0
1930828680,0
902178102,0
2232919352,0
34954669,0
2533074234,0
324904251,0
316155198,1
2579014975,0
416261440,0
1691788609,1
545006916,1
621585733,0
16426311,0
407512392,0
80291145,1
2842109261,0
15508815,1
519480656,0
514860369,0
897754452,1
608656270,0
412886358,1
858793304,0
2799315001,0
2415437147,0
1368112669,0
177710429,0
2179867999,1
2778047844,1
635086186,1
113681771,1
17638764,1
1674061165,1
362882414,0
55453040,0
105031025,0
120497522,0
2980505485,0
177931838,0
7218552,1
474588537,1
32370924,0
710009569,0
19211644,1
82617725,1
2325521790,0
603661695,1
737289600,1
2329191812,0
15148421,1
613238337,1
2537104776,1
61121929,1
197600651,1
1087382924,0
726468162,0
23373199,0
244917649,1
1452647826,0
103982483,1
948905364,1
2641765781,0
347022742,1
703899035,1
295347613,1
1028040097,1
498378149,0
3253671,1
1677108648,1
306764700,1
2288756142,0
21142429,0
2857998412,0
381265330,0
620144051,1
234956213,1
2802853302,0
1148396983,1
245081528,1
2988841887,0
1078011324,0
288818762,1
15246783,1
285270622,0
247866818,1
37397956,1
2523932101,1
994223558,0
437855688,1
25609804,1
2247534029,0
506471888,0
278013393,0
431826389,1
111322583,1
80410062,0
1385833946,1
1097268498,0
148893946,0
2985305567,0
2787321314,0
166405604,0
141535127,0
268871143,0
18753000,1
2345936361,1
458171883,1
408790508,1
475241384,0
2466391538,1
2692810323,0
521810174,0
2988136407,0
1053727657,0
122070521,0
1278669055,0
396862973,1
930063870,1
2988484096,0
321136130,0
227067478,1
1115402497,1
166209032,1
225926060,1
438958679,0
56104517,0
40117775,0
2290329104,1
287827344,0
305374740,0
1033279772,0
1249551896,1
58828313,0
1098720794,0
110077891,0
47526149,1
338208288,0
887137825,1
27108898,1
1015096867,0
2767103524,1
403154473,0
1223042604,0
114337325,1
34580014,1
2990810671,0
2209195568,1
387554227,1
546252341,1
604827913,1
177186361,1
44049978,0
323831391,0
26191420,1
472372102,0
803776063,1
412001858,0
189339763,0
2160207428,0
168207942,1
1484990024,1
37791308,1
2941357731,0
64562766,0
47837453,0
308618832,0
1344887736,1
2240161362,0
293774932,1
15410773,1
500532836,1
196716122,1
492545627,1
347252317,1
1897463294,0
374122079,1
894150242,0
385394275,1
545105508,1
1057760869,1
433563241,1
26560782,0
810788461,1
48047726,0
2937300591,0
2706613873,1
1557341815,1
2971633557,0
220797887,0
305386343,0
182868928,0
96151170,1
2921952826,0
1548101256,1
2981373578,0
587048587,1
74000015,1
87776195,0
39659156,0
52930198,1
2505568537,0
233761161,0
1392223903,1
1653974688,1
43067041,0
818783906,0
1345754725,0
459548324,1
467445413,0
266938022,0
136685227,1
324183724,0
1577682546,0
35457198,0
628598448,0
21407410,1
23340723,1
1553966774,1
50476007,0
49718968,1
2375722682,0
95626942,0
712877760,0
824059585,1
240428738,1
1013655235,0
483239620,1
2572658087,0
1161916705,1
554804936,1
144320202,1
790988407,1
249505484,0
21997261,1
12494542,1
109485005,0
92612304,0
43984593,1
2806294226,1
967780051,1
19572436,1
72197845,1
2361951865,0
2978515052,0
18919716,1
975415002,0
132720347,1
176563934,1
292103905,1
531900130,0
2490050275,0
363180326,0
2293442280,0
922265323,0
418043758,0
134620912,0
1243920956,0
272443122,0
1222846195,1
110309544,0
294430454,1
130728626,0
359212794,0
2939332347,0
1120839420,0
628958975,0
1147250436,1
1027759753,0
515141932,1
2977310475,0
29992225,0
1695749820,0
2317972885,0
2477139730,1
324118291,0
252847892,0
870262549,1
604317462,0
945792794,0
364586779,0
547261682,0
2988447389,0
502376226,0
428648227,1
2503001734,0
15988728,1
2923439912,0
1219962668,0
50865965,0
48421853,0
2950244144,0
1007494962,0
181118773,1
807536972,0
2988819999,0
2958829370,0
2419566396,1
70919997,0
284733749,0
1526343488,0
2970965518,0
883861315,0
1138714590,1
128779916,0
1033054027,0
2988222285,0
596682575,1
254209025,0
2377721682,1
345477534,0
52832085,1
1260824406,0
2990321977,0
174237529,1
939730778,0
2926828517,0
2181670752,1
109484327,0
511321954,0
289974115,1
1942379437,0
976848529,0
2889557866,0
53389163,1
54110060,0
31467373,0
59025263,0
357607281,0
15804274,1
2988590739,0
1000548212,0
152154430,1
397158264,1
82913145,0
578856826,1
60467068,1
37988221,1
217601413,0
118556309,0
286402432,0
318842753,0
17934210,0
2988528136,0
24192904,0
17985858,0
383985550,0
1619011471,1
490907536,0
615786385,0
198453138,1
849323923,0
1226680212,1
158161902,0
55191446,1
78358423,1
69150617,0
1099376538,1
1873615855,0
574859165,0
1558488990,1
190293919,1
2208147360,1
202873840,0
194095013,1
1000843176,0
1496319644,0
1805339629,0
527804333,0
432318384,0
2400399208,0
2510137267,0
66461071,0
49424310,1
2892146615,0
1152386719,0
601630653,0
152872894,0
56011338,0
1378330560,0
2921088672,0
21754187,1
586033092,1
2987361953,0
635853815,0
2988287950,0
278636495,1
950562307,0
913644536,1
584198098,0
94414805,1
99452481,0
804956119,1
408004568,0
470755289,1
826366970,0
16631461,0
821045216,0
23734241,1
103458788,0
120465381,1
2990516198,0
2987501543,0
2207426536,0
222654802,0
1454942190,0
2810693288,0
908953154,0
88352757,0
2580514473,0
269068280,1
553658361,1
1497147386,0
452438011,1
1033775101,0
343421269,0
1592567808,0
2371233793,1
1925130242,0
1416603655,0
993863689,0
116008970,0
20064269,0
417015822,1
776972305,1
1043376146,1
266905621,0
2207894406,1
2575818011,1
45426714,0
2986911772,0
17901597,0
982198302,1
820455457,0
810199074,1
1288448035,1
902473765,1
2325948456,0
416393258,0
147823623,0
1160521772,1
2987403309,0
52285446,0
445767349,0
2895953393,0
169912372,1
2501802553,0
374769332,0
73214010,0
28158011,1
16197692,1
251701312,0
963225666,1
1005225654,1
86419526,1
128460871,0
232867511,1
2448140366,0
885565519,0
15706192,0
2895685713,0
2319034452,0
1849817161,0
134326359,0
1565370456,1
954083419,1
367929436,0
563316410,0
2750289712,0
1398155360,1
2806098020,0
39283551,0
2314348646,0
2629189550,0
2451850940,0
478423147,0
262514796,1
1382145042,0
700218884,0
735225968,1
2413734001,0
1602398322,0
935995507,1
2374019188,0
1529891527,0
39143103,0
263067441,0
1671702654,0
391755553,0
968927360,0
258975873,1
2217488747,0
2808457348,0
480716933,1
28518535,1
599402632,0
1537845385,1
2991085502,0
527968396,0
2957003129,0
2975475841,0
1042491540,0
41509116,0
898541719,1
373041304,1
391022276,0
1604298906,1
2988550300,0
973449373,0
1604626592,0
20424865,1
123101641,0
492021924,1
2987206821,0
1556359334,1
2991335593,0
286107819,0
2610505902,0
259532975,1
721365169,0
44955997,0
908789491,0
156346555,0
65120446,0
526741877,1
1689487051,1
448295286,0
234170569,0
17574090,1
155682509,1
1246867832,0
746072274,0
375954467,0
22718676,1
749711737,0
554805466,1
17901788,0
407644381,1
2718869729,0
303180002,1
266891643,1
123575334,1
48441576,0
43952361,1
13641962,1
207694059,1
796895468,1
1326131437,1
1669114094,0
25307376,1
2787617009,0
22751480,1
177416442,0
42543357,0
288565502,0
25864448,1
2614012161,0
1896191286,0
836315396,1
2890180869,0
107260166,1
1324002403,0
24488201,1
414963274,0
2987427543,0
439331085,0
204286223,1
15083792,1
83503377,1
2846337298,0
76622099,1
229965833,0
344303893,0
322906390,1
2961287447,0
1292087684,0
101951772,1
352233757,1
632301855,1
50473248,0
296462625,0
1487743266,1
293906723,1
399550757,1
2441816358,1
2218651123,0
2897774300,1
333850922,0
372484396,1
29075757,0
546517944,0
1085810996,1
302215561,0
2460035384,0
2988142986,0
107882814,0
82192703,0
27896128,0
1194641120,0
30746946,1
2980489540,0
1517345846,1
1022110022,1
774121800,0
597174601,0
331098443,1
69708108,1
22726370,0
408136014,1
860740664,0
437332311,1
802171224,1
611789145,0
711108954,0
1873676911,0
2289969500,0
299313503,0
1586848027,0
249702753,0
469073838,0
2900297446,1
1880107369,0
1646012778,1
2947393901,0
446474606,0
28630515,0
189269736,0
191670643,1
287549812,1
2042231,1
2590372244,0
2219908159,1
601532797,1
705731648,0
312945026,1
126921091,0
40947192,0
1222748550,1
972308544,0
2178877164,1
66791818,1
2988288395,0
231483790,1
2986276061,0
1301195156,1
56338837,1
48277910,0
861645211,1
40282525,1
1892624798,0
16079941,1
19999137,1
316352930,0
157198755,1
2222021702,1
2976721318,0
2361895335,0
16227399,0
414427564,1
20326829,1
1673911033,0
241379759,0
2391746994,1
1696541107,1
24914356,1
2955622945,0
286301257,0
106688548,0
856533433,1
346925498,1
400927164,1
183524426,0
16412961,0
1297303285,0
25110977,0
624699842,0
2890377667,1
257607414,0
571386311,1
24390088,1
822553033,0
39208695,0
557296076,1
1674291661,1
637086158,0
168929743,1
442444240,1
264701688,1
1601546708,0
570337749,0
27699670,1
505293272,1
745187802,1
516073947,0
1575283392,1
73450826,0
334770597,1
415255002,0
171099899,0
1692215780,0
1164196933,0
2988607228,0
150055402,1
1335536107,1
15233225,0
493005293,1
2941266414,1
150874607,1
60502440,1
381331955,0
859384310,1
2985161129,0
637315579,1
167225852,0
322906622,1
19507713,1
59584939,0
15478742,0
924690949,0
105622025,1
14559754,0
1649256972,0
299117070,0
456174096,1
169106520,0
1352935956,0
407448086,0
231005273,1
597142041,0
249440794,0
1316235804,1
2497731674,0
264712624,0
2311858723,1
1482566184,0
302363058,0
447785519,0
1306077745,0
531343922,0
962916787,0
289057332,1
202844726,1
38541154,0
2976229944,1
2788338236,0
535865919,1
1064115296,1
243477058,0
170502724,1
21342791,0
1644492685,0
15608394,1
2935630413,0
203205199,0
2457905744,1
764193361,0
418982484,1
15411797,1
2317560406,1
113224281,0
553888347,1
1491348061,1
387983968,0
2294000225,1
392343995,0
618539620,1
18734182,1
1327344234,1
454220903,0
2438670957,0
61287022,1
582134384,1
729239893,0
61878718,1
20785786,1
21342843,1
240396924,1
252750461,1
226011777,1
826518146,0
614574723,0
313993860,1
262941317,0
2147560070,0
2261133959,1
39591020,0
92940938,1
128442739,0
1442861670,0
203532943,0
75967120,0
445237016,1
400273792,0
2861071076,0
2561288854,0
2903222936,1
975991236,0
46672538,0
127458415,0
27568796,0
983804574,1
1475717791,0
569748128,1
403057313,0
552151714,0
156576419,1
308673423,0
210512551,1
26003228,0
342783672,0
2721327787,0
81013422,0
1009101488,0
981052081,0
32644211,0
58731188,0
95930142,0
196172916,1
382315197,1
147738234,0
457091776,0
473586127,0
124857026,1
595085248,0
1187322998,1
2979539654,0
470919880,1
18000585,1
2429561546,1
37464779,0
2600060762,0
2989796045,0
205433551,1
2398694096,1
174762705,0
20654802,0
1074670291,0
1274292948,1
88910549,0
48605910,1
1059269335,0
29174489,1
2275748570,1
21310171,1
19278556,1
587049694,1
2916231903,0
592095968,0
457124577,0
878193379,1
288434916,1
123382503,1
22731900,0
2273487594,0
2291739374,0
69140914,0
758229745,0
156510962,0
1963698932,0
394668789,1
1456286455,1
243772152,0
2957685204,0
20517986,0
422128384,0
24095489,0
14101250,1
269126224,0
336964356,0
486186113,0
2916803590,0
291777289,1
15772426,1
177134723,0
2901417090,0
21637902,1
2155169581,0
7121682,1
554216211,1
468724503,0
87010073,1
2175380250,1
2760289051,0
2238569605,1
2901804848,0
1373186851,0
39922468,0
207653,0
1653647731,0
341989993,0
98544424,1
314125097,1
2426972971,0
44280620,1
46450482,1
22883120,1
216279857,0
807742261,0
846179126,0
1618648201,0
763671007,1
21310269,1
796961598,1
373081909,0
2989370176,0
855812930,0
82488132,0
260582213,0
20523846,1
27142983,1
46902088,1
22391626,0
98649911,0
598518606,0
2320018255,1
1678748496,1
16140088,0
221162323,1
2464384825,0
310543626,0
1333209948,1
1283369821,0
524004190,1
2567958629,0
1876962144,0
2592811873,0
109161314,1
577416035,1
217656164,0
1621896042,0
528788331,1
1490856817,1
374598942,0
21972798,0
2981374839,0
2246243663,0
243975999,0
1031515004,1
226798461,1
2924882814,1
2980588415,0
1455064896,1
1707880939,0
150971310,0
93498250,1
1081998846,0
542747534,1
21819042,0
704097168,0
2313357123,0
1110008670,0
2766726781,0
2462100374,1
347122584,1
1594679335,0
2569644954,0
439069599,1
47885216,1
52916720,0
1390980002,0
187718811,0
423570340,1
15936421,1
1699550029,0
2832542631,0
435366824,0
82728763,1
395774819,0
365872967,0
38054829,1
193617053,1
21081009,1
885664692,0
2938842037,0
54602679,0
1108388792,1
18197437,0
2950736830,0
977170933,1
97754716,0
333065156,1
184298438,1
495233992,0
1684155338,0
11212,0
24619983,1
528952272,1
2449222610,1
35466198,1
944321017,0
175647704,0
236891097,0
1283861466,0
211832366,0
2988583900,1
315960286,0
619555807,0
80751584,1
434669392,0
606022626,0
2437622755,1
2827037668,0
185969638,1
1345268714,0
33381543,0
920136685,1
250346894,0
176565233,1
2503673683,1
141044724,1
1345793016,0
9897812,0
281947132,0
217263105,1
1265904642,1
2988907691,0
9284612,0
366783493,1
1438985222,0
45773313,0
2279865331,0
78457868,1
2460054018,1
2960272398,0
1735580845,0
2986454036,0
61286295,0
386313239,1
364358680,0
33911300,0
21441562,0
40774685,1
598944799,1
381299744,1
424651810,1
125021220,1
2954210341,0
419601585,0
368946216,0
15313967,0
318057524,1
42546471,0
301789705,0
2689029338,0
62598201,1
1385507899,0
259632191,1
481321857,1
363977096,0
26684482,1
160406710,1
1281633350,1
2966826056,0
250293321,0
438840394,0
870624332,1
376908877,1
385264719,0
2324835409,0
2922932664,0
2398006355,0
237120597,1
485698646,0
346926169,1
821898331,1
2991041628,0
427830365,1
362851423,0
91368544,1
575667511,0
2246618210,0
33959011,1
2888805479,0
1483357321,0
2985208937,0
258518127,1
404753988,0
1438189416,0
2160157405,0
1292796385,0
626207862,1
2974428280,0
8008212,1
224111738,1
15445115,0
1465461884,0
33369213,0
1265937536,1
2938645633,0
290613054,0
2553406237,0
2402397318,0
440380552,0
624733322,1
1112386699,1
20458636,1
852139202,0
790277264,1
2657365137,0
712977554,0
2908400787,0
2177654147,0
76786837,1
1485810840,0
2815644008,0
2508958877,1
338722113,0
618716080,1
402205859,1
237481126,1
23644017,0
362851496,0
20360362,0
2912246983,0
243477676,1
82062509,1
533392770,0
2193599666,1
2678402227,1
30667294,0
146169033,0
271789240,1
1677559668,0
229682362,0
30846142,0
20950208,1
249944456,0
458861763,1
294333636,0
2467203690,0
29043910,0
208645319,1
47726112,0
2958699721,0
29994187,1
176172237,1
2894113998,0
51391696,1
154283992,0
893496536,0
618540249,0
497200347,0
346792071,0
1689740780,0
849685728,1
748825825,0
33075750,0
346729702,1
26422503,1
166800616,1
571672444,0
2903243379,0
631195125,0
29449426,1
362261742,0
572721021,0
610315504,1
959622385,0
413117683,0
593767669,0
2800332024,1
406400249,1
90156284,1
377138430,0
141044991,0
276644411,0
2759535874,0
80686339,1
305115159,0
69250310,0
2983839617,1
2227678472,1
1533914377,0
16428298,1
2198639483,0
350906317,0
2553752845,1
61376553,0
16854288,0
2289020178,0
2766318868,0
247180565,1
410463511,1
1143581977,0
2792271130,0
309341469,1
128003358,1
261074207,1
2322466380,0
1641541700,0
17849563,0
394571044,1
1721904422,0
233549096,1
922221452,0
2204609834,1
2203856172,0
192967218,1
590146814,0
2503224626,0
1599941869,0
398044470,1
633046921,0
470556776,0
636628282,0
98688223,0
2161913148,0
19705149,1
38760408,0
1002941761,0
855691867,0
71216453,1
21867846,1
25046343,1
2227481930,0
43298123,1
2347876534,0
2474819059,0
96007785,0
295808337,0
419114322,1
1333611204,1
2785724302,1
2873635385,0
92712280,0
2728697060,0
242920796,0
2737186157,0
2457709921,0
2987597452,0
998092134,1
466005353,0
764095850,0
2431200620,0
762429895,0
2987896176,0
16625009,0
1499311478,1
541012543,0
2754096511,1
2472816000,0
963160734,0
2989164438,1
749284742,1
2984440385,0
105051118,0
223672868,0
427116439,0
432811404,1
2991620450,0
235548046,1
961162639,1
385691024,0
184003985,1
21966229,1
21212566,1
1005366679,0
1797763652,0
478162330,0
111723379,0
980200860,1
926173082,0
102903198,1
378614341,0
635088291,0
1113173414,0
597630828,0
436874665,1
315436459,0
14253878,0
30256559,0
585824852,0
380480945,1
138090538,0
1008053684,1
131706336,0
2288860670,0
1661349306,1
253930939,1
391458236,0
365768128,0
370748868,0
1054125511,1
28847561,1
295218634,0
34348279,0
56838050,0
2596580816,0
268248172,0
1669672404,0
764980694,0
258944472,1
438840794,0
1668656604,0
493366749,1
1849208286,1
30590885,0
23834080,1
56176099,1
2922229220,0
794013157,0
198634215,0
86007036,0
781561322,0
942747115,0
46935533,0
607702111,0
359542257,1
147009010,1
566472181,0
456125053,0
15937016,1
755790420,0
303377915,1
1471720957,1
2235069013,0
1030893056,0
505032194,0
542092803,0
75476484,0
208940549,0
2719788552,1
383354796,0
799092234,0
248197719,0
2424453728,0
136916494,1
27653993,0
1380560400,0
1265332824,1
95600845,0
14757396,0
2988050350,0
275623446,1
2194338393,0
1921363483,0
335916573,0
630828577,0
36285987,1
1194592177,0
1356836395,1
74415102,0
504006578,0
2953423055,0
43785480,1
146648626,1
2632173491,0
159067700,0
523710005,1
801648182,1
543731255,1
2892377656,0
281506497,1
2569449019,1
2988282689,0
352857663,1
173977152,0
52342337,1
1660704416,0
345681476,1
2732687652,0
2617388617,0
5877322,0
18230859,1
756231758,1
2988547341,0
2790960721,1
226438738,1
19476051,0
616640084,1
80747790,0
23590627,0
90582618,1
20557404,0
2416914013,1
359771742,0
2311204447,1
184081680,0
264515170,1
2199553979,0
404533862,1
18099814,1
2699730193,0
2705337960,0
2457316969,1
1698672235,0
456339053,0
376942190,0
156413551,0
479964784,1
387941873,0
461149063,0
968869344,0
990228086,0
406428985,0
289189498,1
224505467,1
336866940,1
17346174,1
160341269,0
163720833,1
1072967298,0
395619971,1
1326034567,1
2990714504,0
501198473,0
363470103,0
380710540,1
16395917,0
774418062,0
1594470031,1
2437820048,0
20688529,1
2988027539,0
37793428,1
92319381,1
1604660886,1
18263703,1
2988551832,0
565096092,0
2410339610,1
1159016096,0
108998305,1
303389453,0
24358563,1
19383232,0
706653861,0
2770185896,0
125349546,0
2991402667,0
813543086,0
274968239,1
256356016,1
93105842,0
1332391603,0
2892930334,0
1054125752,1
719909492,1
606940859,0
2880220863,0
619359937,1
288042690,0
358270923,0
2596794998,1
372563147,0
424292041,0
17575629,0
814362318,0
2987699920,0
476897199,0
1539321554,0
853192405,1
574845911,0
376778456,1
1961995993,0
355938011,0
2980327132,0
2316333690,1
21016287,1
377080768,0
2988125925,0
413070006,0
2263680400,0
331886312,1
385020540,0
108965610,1
2502962923,1
1490923244,0
300297967,1
598322930,0
2231713834,0
546254581,1
102149878,1
116928247,1
237864916,0
771501818,0
2244886312,0
613637418,0
315338495,1
1625042689,0
492809987,1
16205782,1
1254928134,0
811233428,1
1852026632,0
722951468,0
515059466,0
341769618,0
20721424,1
2458791698,0
461784106,0
2699505428,0
2478845719,0
364654361,0
2491263128,0
20045103,0
2989076254,0
2815962911,0
2951655201,0
388761563,1
310554407,0
65399465,0
246624042,0
362000173,0
1890201390,0
58732337,0
1410019123,0
14102324,1
2766141589,0
393719606,1
424390456,0
334933817,1
2725228346,1
1213968187,0
430092938,0
2152017728,1
1855729477,1
1733611406,0
540716872,0
2467901258,0
2986848077,0
423800657,0
200126291,1
444018516,1
387919701,1
30879574,0
1253519191,1
245903195,1
465317724,1
717795168,0
717346412,0
66039652,0
50900837,0
538980198,1
1447321212,0
46280552,1
556271591,1
41267052,1
2217489042,0
28151560,0
2165550961,1
71774066,1
62369653,1
56297449,0
2602250104,1
374288250,0
2987863931,0
867480600,0
1709518717,0
486013744,0
627109956,0
14724993,0
374888288,0
289714052,1
2854989701,0
2987470727,0
593244041,1
50398612,1
83522199,0
1622323086,1
1529710573,0
30715792,1
2502729818,0
2183540629,1
281341748,0
2991435674,0
1023750043,1
1562725830,0
481374110,1
587083680,0
1716465570,1
381809307,0
564080549,0
488114161,0
2837458856,1
217427882,1
253996973,1
47165360,1
2496769969,1
66432946,1
27406261,0
1049210808,1
24031161,0
27471802,1
192096180,0
112308160,1
247967681,0
232992706,0
2563485635,0
1934733252,1
2109381,1
1511092897,1
17543112,1
623140172,1
328282058,0
431310839,0
166053880,1
1406644178,1
574938446,0
14495702,1
164212695,0
1671376856,0
2565681114,0
59977691,0
2615095261,0
2595958750,0
18100191,0
30610971,0
246919137,1
2467278818,0
276082659,0
462204900,0
449327078,1
72342332,0
1959735272,0
553332713,0
257798123,1
2159161324,0
2845875538,0
2379067375,0
2986676560,0
1052154224,0
391557107,1
2220707222,0
2991206390,0
2306098362,0
402141176,1
257830906,1
346384015,0
395096426,0
86159359,1
1352806400,0
39127040,0
30814210,1
326911708,0
2745675782,0
2978033676,0
374157325,1
1547218958,0
95268879,1
2901585936,0
17898840,1
415215634,0
517124117,0
156545046,0
524791831,0
1382363161,1
1097576474,0
41824284,0
925872158,1
252293151,1
29125317,0
2725326884,1
631615526,0
2988355624,0
1532426437,1
2988148743,0
2528489519,0
2597793841,1
297202355,0
78838923,0
1043804214,0
39864329,0
2988355641,0
613691450,1
377680565,0
364163136,1
554676292,0
108867653,1
67645510,1
2987296780,0
1052029002,1
2943070283,1
2972987468,0
282247392,1
1065431118,1
2424156241,0
141209686,1
612151384,0
20782436,0
1936404570,1
1355133019,0
275198044,1
2988650589,0
474984544,1
466864144,0
169652322,0
1908993578,0
450048102,0
2407739496,1
27144297,0
2724507754,0
2903317863,0
30879855,0
22917232,1
564965493,1
158576758,0
163917945,1
1413230714,1
129413243,0
2224332138,0
249278590,1
602695825,0
17772676,0
17903749,1
1850650759,1
77639816,1
2585229260,0
2787913866,0
556249227,0
1445343372,0
467120270,1
1881611629,0
2516365457,0
207827090,0
448868500,0
23998613,1
1687203992,1
1666625689,0
2988635015,0
2183606427,0
2941530269,0
146616478,1
2927123384,0
1014149280,0
357817712,0
25899171,1
27477178,0
2987049383,0
365244586,1
2495050439,0
242135212,0
7314802,0
143274160,0
2562470066,1
505322867,0
835989684,0
766199838,0
153662153,1
2151657656,0
229263391,0
554873020,0
2153590974,1
1318864928,1
298102978,1
2761994435,1
625619140,0
2150309238,0
404944407,0
791775265,0
56013003,1
2987826088,0
106260118,0
2429399247,1
382420389,0
2152349413,0
830058709,1
514535638,1
2548773079,0
2984882393,0
191049947,0
175321308,0
2863706333,0
2335191262,0
1226256608,0
28406480,1
2258284770,0
44576995,1
1034268901,1
606056679,1
300429544,1
24424681,0
46073895,1
116601068,0
1849864429,1
256056701,0
602353905,1
2560176370,0
238268661,1
108988457,1
431927544,0
319926521,1
44588415,0
8499452,1
2279158013,0
10662142,0
2498065109,0
230076673,1
1276752132,1
20721925,1
2344333574,0
29973889,0
633188617,1
2885693707,0
230830348,0
93925646,0
211529999,0
819867920,1
212753795,0
446017812,0
2814298158,0
167403444,0
17838368,1
26937392,0
292172066,0
61436635,1
70201636,1
459805636,0
12514012,1
1885057322,0
331952427,0
113357102,1
754331953,1
1699688754,0
1711645964,0
159331038,1
35925877,0
20132153,1
25145659,1
1042821438,1
1001992512,1
311374145,1
57520451,1
300560708,1
2311008581,0
35959110,1
1087320391,0
2990092617,0
245608778,0
273690957,0
869773646,1
225980751,1
318128122,0
195572050,0
742437204,1
7855502,1
2751902039,0
24538785,0
222867802,0
2982087279,0
558517171,0
434534572,0
2902487781,0
159035745,1
45248522,0
132690279,1
824815976,0
37269865,1
274149738,1
70889835,1
67580270,0
539570549,1
202060152,1
23485844,0
2865115517,0
727757184,1
198586754,1
496366315,0
1859858820,1
1434778789,0
531575174,0
14594441,1
2598748190,0
191181195,0
353907084,1
377106829,0
1271181710,0
2828779296,0
1699847576,0
2973905300,0
472986006,1
573059479,0
458338712,0
1005534588,0
72429980,1
422261150,1
531771809,1
512307618,0
41529763,1
814363045,1
2375201191,0
14168488,1
255570345,0
59945387,1
147583730,1
874084080,0
308687280,0
295023025,0
471708082,0
47755699,0
1027748276,1
348635873,0
71545272,1
2766549433,0
2190671000,0
1498689979,1
1491218876,0
707604925,0
1104949694,1
2264598336,0
2913055169,0
419017155,1
46397457,0
2881761734,0
15577546,1
140521931,0
504246733,1
631654477,0
547860945,0
2897031634,0
983761116,0
46805461,0
2639278550,0
1884680953,0
2796690852,0
88027610,1
615887325,1
2545431006,0
2388931039,1
2990966864,0
232305123,1
16396772,0
35500517,1
346763751,0
2343973352,1
137600423,0
127676908,0
137572845,1
908997102,0
2423173615,0
2868518312,0
449229298,1
9777652,1
971101826,0
1026830839,1
25899512,0
957493753,1
715567614,1
611103231,0
2988552705,0
327332354,1
16626179,0
2729554437,0
214970887,1
2435527176,0
807416329,0
99463690,1
446018059,0
18428428,1
297153038,1
280801807,1
636662288,0
189870609,1
509096468,1
362426902,1
30093847,1
338145816,0
1431417372,0
88093213,0
2251384754,0
109031968,0
541372961,0
2987537158,0
1556296230,1
1110651433,0
22032940,1
21940317,0
98561116,0
2755736113,0
2303210035,0
18723382,1
612905527,0
1199092280,0
287781433,1
356430395,0
15053372,1
85635646,1
569220533,1
5780032,0
2889331265,1
2988388930,0
1253159491,0
334082628,0
2215129669,1
320582215,0
2579706440,0
302428749,1
716812878,0
223130381,0
374021560,0
925938258,1
129058915,0
391131732,0
378352398,0
463942231,1
63260772,0
1688449628,0
365048414,1
2987791581,0
116896354,1
283762107,1
570972776,0
2703864422,1
15649417,0
117355115,0
123368210,0
1287631470,0
20671889,1
22327921,1
1492267634,0
32289396,1
2213622391,0
458404472,1
106352948,0
2959094394,0
85766779,1
268677759,1
823243392,0
1866609283,0
54342276,1
1494069895,1
597570184,0
9406572,1
1645687434,0
2979836555,0
2531570318,0
2238236781,0
288109200,1
597013137,0
827863698,1
25244308,1
267727641,0
366326424,1
2258645658,0
250950300,1
1117696670,1
443249435,0
80196261,1
612758349,1
1250833064,0
284177066,0
2949919407,0
216609458,0
2541957812,0
891630366,0
2991352076,0
2976985783,0
2305869618,0
2505388730,1
260485819,0
435073726,0
170701503,0
1905745304,0
2227385028,0
1491798134,0
2310550214,1
1324888777,1
1156166346,0
555190391,0
1454682829,0
170275534,0
1087877839,1
1530999505,1
16036563,0
1660498644,0
16539086,0
2543530711,0
240901583,0
834515678,1
120533730,1
12695732,0
2988192484,0
376795942,1
2669845969,0
554349288,1
1689268970,0
196260587,1
211464941,1
373568238,0
1895019247,1
2558243568,0
380678898,0
988416126,0
2233976872,0
1069252525,0
825449940,0
2988296319,0
2506699516,1
1093825520,0
2363200502,0
2420912901,0
15020806,1
911880967,1
1886958344,0
509615575,0
375425154,0
1127035662,1
1408971535,0
526988048,0
2934158098,0
87143187,1
46035758,0
371766041,1
60502812,1
265002458,0
703181598,1
134689570,1
1137193765,1
24621863,1
808039214,0
72359389,0
453686065,0
1214148878,1
971289398,0
60475529,1
731001656,0
261436219,0
1287126931,0
2753835837,0
2196386622,0
2459926586,0
845651424,0
1863168836,1
2595757537,0
188035912,1
1587295051,1
2949613709,0
16298833,1
237744978,0
1150006099,1
111162197,1
464499545,1
404670607,0
141434341,0
352072544,0
284406627,1
138304448,0
252359525,0
2645275495,0
15807336,1
527073002,0
316865255,1
841844882,0
21508975,1
2411508593,1
792966002,0
480523124,0
164934517,0
1481175960,0
549368696,0
483177337,1
440906620,0
2912301949,1
17707903,1
1512387457,0
2328474498,1
335098757,0
239350662,1
54342535,0
279425928,0
58241929,1
2866590604,0
382874512,0
2988782481,0
17281939,0
66090188,0
64238486,0
299359613,0
2988088815,0
475313052,0
338473885,1
227521438,0
2991436705,0
422261666,1
1032205219,1
83702694,1
2988028839,0
503339045,0
27538346,0
1049085806,0
21476269,1
54539183,1
334967728,0
198554547,1
24916916,1
27707550,0
233223094,1
594719672,0
2349708217,0
424719290,0
2290267068,0
1353429949,1
515945406,0
338506687,0
484299615,0
2350822219,0
2810590148,0
161193462,0
2325984198,1
115443873,0
323007435,1
1663611853,0
2918200270,0
360133583,1
2206315472,1
401683410,1
1683862484,0
16888791,1
1529164760,0
171979737,0
921658374,0
1924740061,0
2975183839,1
2451816920,0
1668819512,1
635778025,1
25577639,0
341292012,0
368620525,1
2150642672,0
114308082,0
2990945107,0
2596411010,0
251439128,0
2957278277,0
563262467,0
36975620,1
1406514181,1
323466247,0
2323007660,0
611890186,0
25206274,0
351144109,1
1167733777,1
2355246100,1
9013422,0
45233174,1
28455769,0
474395672,1
72430617,1
2540094443,0
1317434202,0
156840990,0
133471749,1
36811808,0
431027035,0
13579302,1
2528118961,0
373666856,0
2859480107,0
2884098676,0
406139949,1
51970970,0
769864752,1
501724209,1
2959291443,0
451867486,0
67776370,0
2703832129,1
99628098,1
2408002627,0
1465136196,0
2275161158,0
189051975,1
2225747016,0
50552332,0
100545610,0
326666423,0
48149584,1
331232337,1
2792895331,0
1153119318,0
260196537,0
140391512,1
272708699,1
221394012,1
122664029,0
281687136,0
345191522,1
2973643876,0
2265330789,1
172400145,0
2987439208,0
762936188,0
272610415,1
566277232,1
2734830705,1
312358002,0
2269787251,1
15971444,1
121975925,0
2707928185,1
2181056703,0
1654633596,0
351384703,1
2937795712,0